p=0.045
0.0	0.0	0.0	0.0	0.0	0.0	0.0	0.0	0.0	0.0	0.0	0.0	0.0	0.0	0.0	0.0	0.0	0.0	0.0	0.0	0.0	0.0	0.0	0.0	0.0	0.0	0.0	0.0	0.0	0.0	0.0	0.0	
mean=0.0
p=0.048
0.0	0.0	0.0	0.0	0.0	0.0	0.0	0.0	0.0	0.0	0.0	0.0	0.0	0.0	0.0	0.0	0.0	0.0	0.0	0.0	0.0	0.0	0.0	0.0	0.0	0.0	0.0	0.0	0.0	0.0	0.0	0.0	
mean=0.0
p=0.051000000000000004
0.0	0.0	0.0	0.0	0.0	0.0	0.0	0.0	0.0	0.0	0.0	0.0	0.66	0.0	0.0	0.0	0.0	0.0	0.0	0.0	0.0	0.0	0.0	0.0	0.0	0.0	0.0	0.0	0.0	0.75	0.0	0.0	
mean=0.044062500000000004
p=0.054000000000000006
0.0	0.0	0.93	0.76	0.79	0.0	0.57	0.0	0.0	0.84	0.81	0.0	0.0	0.0	0.76	0.77	0.69	0.46	0.0	0.0	0.0	0.69	0.72	0.0	0.0	0.0	0.0	0.76	0.0	0.0	0.0	0.0	
mean=0.29843749999999997
p=0.05700000000000001
0.73	0.73	0.88	0.91	0.84	0.0	0.0	0.64	0.0	0.56	0.88	0.55	0.0	0.0	0.61	0.0	0.73	0.68	0.68	0.58	0.0	0.0	0.83	0.51	0.75	0.84	0.76	0.0	0.85	0.66	0.87	0.0	
mean=0.5021874999999999
p=0.06000000000000001
0.92	0.8	0.84	0.87	0.87	0.79	0.73	0.0	0.74	0.7	0.0	0.83	0.7	0.84	0.84	0.79	0.83	0.58	0.88	0.76	0.0	0.83	0.68	0.77	0.91	0.83	0.88	0.81	0.92	0.65	0.81	0.75	
mean=0.7234374999999998
p=0.06300000000000001
0.9	0.7	0.89	0.84	0.95	0.89	0.84	0.88	0.77	0.83	0.86	0.88	0.9	0.83	0.89	0.86	0.92	0.89	0.91	0.88	0.86	0.8	0.75	0.85	0.0	0.85	0.94	0.85	0.77	0.0	0.93	0.95	
mean=0.8081250000000001
p=0.06600000000000002
0.52	0.89	0.94	0.91	0.93	0.75	0.88	0.96	0.96	0.88	0.86	0.93	0.87	0.88	0.93	0.88	0.82	0.96	0.93	0.82	0.86	0.95	0.97	0.83	0.95	0.93	0.84	0.84	0.97	0.89	0.87	0.87	
mean=0.8834374999999999
p=0.06900000000000002
0.93	0.96	0.79	0.98	0.88	0.97	0.96	0.94	0.94	0.93	0.84	0.94	0.89	0.94	0.91	0.95	0.91	0.95	0.91	0.87	0.97	0.91	0.93	0.93	0.91	0.91	0.93	0.95	0.96	0.87	0.93	0.97	
mean=0.92375
p=0.07200000000000002
0.93	0.95	0.86	0.97	0.97	0.99	0.98	0.83	0.91	0.99	0.96	0.88	0.99	0.95	0.95	0.98	0.94	0.95	0.92	0.98	0.94	0.94	0.96	0.96	0.94	0.99	0.95	0.96	0.94	0.99	0.9	0.92	
mean=0.9459375000000002
p=0.07500000000000002
0.95	0.92	1.0	0.99	0.96	0.95	0.95	1.0	0.93	0.93	0.92	0.97	0.92	0.95	0.93	0.96	0.98	0.99	0.98	1.0	0.93	0.93	0.97	0.98	0.98	0.97	0.95	0.94	0.99	1.0	0.96	0.97	
mean=0.9609374999999999
