p=0.03
0.0	0.0	0.0	0.0	0.0	0.0	0.0	0.0	0.0	0.0	0.0	0.0	0.0	0.0	0.0	0.0	0.0	0.0	0.0	0.0	0.0	0.0	0.0	0.0	0.0	0.0	0.0	0.0	0.0	0.0	0.0	0.0	
mean=0.0
p=0.032
0.0	0.0	0.0	0.0	0.0	0.0	0.0	0.0	0.0	0.36	0.0	0.0	0.0	0.0	0.0	0.0	0.0	0.0	0.0	0.0	0.0	0.0	0.0	0.0	0.0	0.0	0.0	0.0	0.0	0.0	0.0	0.0	
mean=0.01125
p=0.034
0.0	0.0	0.0	0.0	0.0	0.0	0.0	0.56	0.0	0.0	0.0	0.0	0.0	0.39	0.0	0.0	0.0	0.47	0.52	0.59	0.75	0.0	0.64	0.0	0.0	0.66	0.0	0.0	0.0	0.0	0.0	0.0	
mean=0.143125
p=0.036000000000000004
0.0	0.57	0.6	0.0	0.0	0.57	0.63	0.0	0.81	0.0	0.0	0.65	0.0	0.0	0.0	0.0	0.0	0.0	0.0	0.0	0.53	0.0	0.39	0.0	0.66	0.0	0.82	0.71	0.62	0.64	0.61	0.0	
mean=0.27531249999999996
p=0.038000000000000006
0.8	0.51	0.85	0.0	0.0	0.58	0.59	0.0	0.0	0.68	0.58	0.57	0.49	0.28	0.0	0.67	0.65	0.0	0.0	0.69	0.0	0.64	0.63	0.0	0.57	0.77	0.0	0.62	0.57	0.76	0.81	0.46	
mean=0.4303125000000001
p=0.04000000000000001
0.87	0.75	0.74	0.85	0.81	0.74	0.63	0.89	0.0	0.59	0.85	0.91	0.49	0.0	0.78	0.55	0.74	0.79	0.0	0.65	0.7	0.83	0.84	0.85	0.84	0.71	0.79	0.71	0.0	0.71	0.75	0.61	
mean=0.6553125000000001
p=0.04200000000000001
0.8	0.58	0.84	0.73	0.86	0.86	0.79	0.82	0.88	0.0	0.48	0.82	0.8	0.79	0.82	0.71	0.77	0.65	0.67	0.74	0.57	0.86	0.8	0.72	0.83	0.82	0.76	0.72	0.77	0.76	0.82	0.81	
mean=0.7390625
p=0.04400000000000001
0.82	0.67	0.88	0.76	0.85	0.77	0.5	0.7	0.8	0.88	0.66	0.67	0.85	0.77	0.83	0.86	0.74	0.8	0.93	0.7	0.87	0.84	0.71	0.76	0.73	0.86	0.87	0.84	0.86	0.72	0.75	0.77	
mean=0.781875
p=0.04600000000000001
0.85	0.83	0.79	0.9	0.8	0.78	0.91	0.83	0.79	0.88	0.77	0.95	0.72	0.9	0.85	0.86	0.79	0.9	0.87	0.85	0.91	0.89	0.84	0.81	0.84	0.86	0.83	0.86	0.9	0.87	0.86	0.86	
mean=0.8484374999999998
p=0.048000000000000015
0.88	0.84	0.89	0.81	0.89	0.9	0.9	0.93	0.92	0.92	0.86	0.9	0.88	0.78	0.89	0.82	0.88	0.85	0.92	0.81	0.91	0.93	0.86	0.94	0.9	0.81	0.78	0.88	0.79	0.82	0.88	0.91	
mean=0.87125
p=0.05000000000000002
0.9	0.92	0.76	0.95	0.97	0.88	0.91	0.93	0.81	0.92	0.95	0.91	0.92	0.86	0.94	0.9	0.84	0.98	0.92	0.89	0.92	0.86	0.93	0.87	0.94	0.81	0.91	0.93	0.92	0.92	0.98	0.85	
mean=0.9031250000000002
p=0.05200000000000002
0.94	0.95	0.92	0.94	0.94	0.93	0.94	0.97	0.87	0.92	0.98	0.99	0.92	0.91	0.87	0.91	0.82	0.92	0.89	0.9	0.92	0.95	0.89	0.92	0.86	0.91	0.93	0.94	0.92	0.91	0.96	0.93	
mean=0.9209375000000002
p=0.05400000000000002
0.94	0.93	0.97	0.88	0.95	0.85	0.91	0.89	0.93	0.88	0.97	0.93	0.96	0.92	0.95	0.89	0.96	0.93	0.94	0.91	0.92	0.87	0.89	0.93	0.95	0.97	0.93	0.96	0.92	0.9	0.96	0.95	
mean=0.9262500000000001
p=0.05600000000000002
0.98	0.94	0.96	0.91	0.95	0.96	0.95	0.96	0.97	0.96	0.97	0.94	0.96	0.95	0.96	0.91	0.93	0.95	0.94	0.95	0.95	0.93	0.98	0.96	0.97	0.87	0.96	0.97	0.94	0.98	0.95	0.97	
mean=0.9509375
