p=0.03
0.0	0.0	0.0	0.0	0.0	0.0	0.0	0.0	0.0	0.0	0.0	0.0	0.0	0.0	0.0	0.0	0.0	0.0	0.0	0.0	0.0	0.0	0.0	0.0	0.0	0.0	0.0	0.0	0.0	0.0	0.0	0.0	
mean=0.0
p=0.032
0.0	0.0	0.0	0.0	0.0	0.0	0.0	0.0	0.0	0.0	0.0	0.0	0.0	0.0	0.0	0.0	0.0	0.0	0.0	0.0	0.0	0.0	0.0	0.0	0.0	0.0	0.0	0.0	0.0	0.0	0.0	0.0	
mean=0.0
p=0.034
0.0	0.0	0.0	0.0	0.0	0.0	0.56	0.0	0.0	0.0	0.0	0.0	0.0	0.0	0.57	0.0	0.0	0.0	0.0	0.0	0.0	0.0	0.0	0.72	0.0	0.0	0.0	0.0	0.42	0.0	0.0	0.0	
mean=0.0709375
p=0.036000000000000004
0.0	0.0	0.0	0.48	0.0	0.0	0.56	0.62	0.0	0.0	0.0	0.0	0.0	0.0	0.52	0.0	0.52	0.0	0.0	0.0	0.58	0.0	0.0	0.0	0.0	0.79	0.0	0.46	0.63	0.46	0.0	0.0	
mean=0.175625
p=0.038000000000000006
0.68	0.64	0.71	0.71	0.57	0.42	0.37	0.64	0.0	0.8	0.72	0.61	0.74	0.72	0.67	0.0	0.64	0.0	0.71	0.37	0.6	0.69	0.0	0.35	0.55	0.57	0.0	0.64	0.49	0.6	0.71	0.74	
mean=0.520625
