p=0.07500000000000001
0.0	0.0	0.0	0.0	0.0	0.0	0.0	0.0	0.0	0.0	0.0	0.0	0.0	0.0	0.0	0.0	0.0	0.0	0.0	0.0	0.0	0.0	0.0	0.0	0.0	0.0	0.0	0.0	0.0	0.0	0.0	0.0	
mean=0.0
p=0.08000000000000002
0.0	0.0	0.0	0.0	0.0	0.0	0.0	0.0	0.0	0.0	0.0	0.0	0.0	0.0	0.0	0.0	0.0	0.0	0.0	0.0	0.0	0.0	0.0	0.0	0.0	0.0	0.0	0.0	0.0	0.0	0.0	0.0	
mean=0.0
p=0.08500000000000002
0.0	0.0	0.73	0.76	0.0	0.0	0.0	0.0	0.0	0.0	0.0	0.69	0.0	0.0	0.0	0.0	0.0	0.0	0.0	0.0	0.0	0.0	0.0	0.0	0.0	0.0	0.0	0.0	0.0	0.0	0.0	0.0	
mean=0.06812499999999999
p=0.09000000000000002
0.0	0.0	0.83	0.76	0.84	0.76	0.0	0.0	0.0	0.9	0.79	0.8	0.0	0.83	0.94	0.0	0.0	0.0	0.84	0.87	0.89	0.86	0.83	0.94	0.0	0.86	0.68	0.0	0.8	0.0	0.0	0.0	
mean=0.46937499999999993
p=0.09500000000000003
0.84	0.75	0.9	0.93	0.83	0.64	0.0	0.79	0.81	0.0	0.91	0.75	0.92	0.86	0.94	0.86	0.87	0.89	0.91	0.9	0.88	0.89	0.94	0.89	0.97	0.94	0.95	0.93	0.81	0.93	0.87	0.88	
mean=0.818125
p=0.10000000000000003
0.98	0.97	0.9	0.96	0.99	0.87	0.93	0.96	0.98	0.92	0.9	0.96	0.96	0.94	0.83	0.94	0.91	0.9	0.93	0.91	0.9	0.98	0.91	1.0	0.93	0.95	0.96	0.94	0.89	0.91	0.99	0.89	
mean=0.9340625
p=0.10500000000000004
0.88	0.92	0.92	0.93	0.92	0.94	0.97	0.96	0.89	0.96	0.98	0.96	0.93	0.96	0.96	0.93	0.92	0.97	0.94	0.98	0.99	0.98	0.93	0.99	0.96	0.95	0.99	0.97	0.98	0.93	0.97	0.97	
mean=0.9509374999999999
