p=0.03
0.0	0.0	0.0	0.0	0.0	0.0	0.0	0.0	0.0	0.0	0.0	0.0	0.0	0.0	0.0	0.0	0.0	0.0	0.0	0.0	0.0	0.0	0.0	0.0	0.0	0.0	0.0	0.0	0.0	0.0	0.0	0.0	
mean=0.0
p=0.032
0.0	0.0	0.0	0.0	0.0	0.0	0.0	0.0	0.0	0.0	0.0	0.0	0.34	0.0	0.0	0.0	0.0	0.36	0.0	0.0	0.0	0.0	0.0	0.0	0.0	0.0	0.0	0.0	0.0	0.0	0.0	0.0	
mean=0.021875
p=0.034
0.55	0.0	0.61	0.42	0.0	0.0	0.0	0.0	0.0	0.0	0.0	0.0	0.0	0.0	0.0	0.0	0.0	0.0	0.72	0.0	0.0	0.0	0.0	0.0	0.0	0.58	0.0	0.0	0.0	0.0	0.0	0.0	
mean=0.09
p=0.036000000000000004
0.0	0.0	0.0	0.0	0.0	0.55	0.39	0.0	0.0	0.61	0.0	0.0	0.0	0.69	0.0	0.36	0.64	0.0	0.0	0.47	0.0	0.0	0.7	0.47	0.61	0.64	0.0	0.0	0.0	0.0	0.0	0.0	
mean=0.1915625
p=0.038000000000000006
0.58	0.77	0.84	0.55	0.73	0.52	0.47	0.66	0.0	0.49	0.62	0.77	0.69	0.0	0.0	0.65	0.0	0.65	0.0	0.0	0.64	0.63	0.6	0.59	0.0	0.0	0.65	0.61	0.0	0.81	0.0	0.0	
mean=0.42250000000000004
p=0.04000000000000001
0.84	0.0	0.0	0.76	0.83	0.37	0.72	0.0	0.78	0.9	0.42	0.76	0.75	0.82	0.83	0.58	0.77	0.63	0.9	0.79	0.0	0.0	0.71	0.0	0.71	0.64	0.77	0.79	0.0	0.86	0.7	0.49	
mean=0.56625
p=0.04200000000000001
0.86	0.77	0.84	0.74	0.91	0.76	0.78	0.86	0.86	0.79	0.0	0.81	0.53	0.64	0.69	0.53	0.77	0.8	0.71	0.8	0.78	0.85	0.83	0.82	0.64	0.7	0.57	0.66	0.76	0.0	0.78	0.69	
mean=0.7040625000000001
