p=0.06
0.0	0.0	0.0	0.0	0.0	0.0	0.0	0.0	0.0	0.0	0.0	0.0	0.0	0.0	0.0	0.0	0.0	0.0	0.0	0.0	0.0	0.0	0.0	0.0	0.0	0.0	0.0	0.0	0.0	0.0	0.0	0.0	
mean=0.0
p=0.064
0.0	0.0	0.0	0.0	0.0	0.0	0.0	0.0	0.0	0.0	0.0	0.0	0.0	0.0	0.0	0.0	0.0	0.0	0.0	0.0	0.0	0.0	0.0	0.0	0.0	0.0	0.0	0.0	0.0	0.0	0.0	0.0	
mean=0.0
p=0.068
0.0	0.0	0.0	0.0	0.0	0.78	0.0	0.0	0.0	0.0	0.0	0.0	0.0	0.0	0.0	0.0	0.0	0.0	0.0	0.0	0.0	0.0	0.0	0.0	0.0	0.0	0.0	0.0	0.0	0.0	0.0	0.0	
mean=0.024375
p=0.07200000000000001
0.77	0.0	0.9	0.0	0.0	0.0	0.67	0.84	0.9	0.0	0.0	0.81	0.0	0.75	0.78	0.74	0.0	0.9	0.84	0.78	0.74	0.8	0.79	0.0	0.0	0.0	0.0	0.74	0.72	0.0	0.0	0.73	
mean=0.4437500000000001
p=0.07600000000000001
0.92	0.77	0.0	0.92	0.78	0.76	0.79	0.86	0.9	0.94	0.78	0.0	0.71	0.0	0.94	0.86	0.0	0.73	0.89	0.0	0.78	0.94	0.88	0.96	0.91	0.76	0.87	0.83	0.84	0.86	0.68	0.8	
mean=0.708125
p=0.08000000000000002
0.87	0.0	0.96	0.94	0.83	0.94	0.88	0.95	0.96	0.92	0.91	0.86	0.88	0.82	0.9	0.96	0.86	0.88	0.87	0.85	0.97	0.94	0.83	0.82	0.85	0.87	0.85	0.84	0.93	0.87	0.96	0.83	
mean=0.8625000000000002
p=0.08400000000000002
0.92	0.99	0.92	0.92	0.9	0.97	0.83	0.91	0.85	0.89	0.94	0.81	0.91	0.94	0.92	0.89	0.98	0.81	0.91	0.87	0.94	0.93	0.97	0.92	0.86	0.77	0.97	0.96	0.98	0.89	0.89	0.95	
mean=0.9096875000000001
p=0.08800000000000002
0.95	0.97	0.98	0.94	0.99	0.97	0.93	0.86	0.97	0.99	0.9	0.93	0.98	0.93	0.9	0.95	0.95	0.94	0.98	0.96	0.97	0.97	0.98	0.95	0.97	0.9	0.99	0.97	0.92	0.91	0.98	0.89	
mean=0.9490624999999999
p=0.09200000000000003
0.98	0.96	0.97	0.94	0.93	0.98	0.99	0.97	0.95	0.96	0.97	0.96	0.98	0.98	0.97	0.97	1.0	0.96	0.96	1.0	0.96	0.99	0.99	0.95	0.95	0.98	0.98	0.94	0.97	0.89	0.97	1.0	
mean=0.9671875
