p=0.0225
0.0	0.0	0.0	0.0	0.0	0.0	0.0	0.0	0.0	0.0	0.0	0.0	0.0	0.0	0.0	0.0	0.0	0.0	0.0	0.0	0.0	0.0	0.0	0.0	0.0	0.0	0.0	0.0	0.0	0.0	0.0	0.0	
mean=0.0
p=0.024
0.0	0.0	0.0	0.0	0.0	0.0	0.0	0.0	0.0	0.0	0.0	0.0	0.0	0.0	0.0	0.0	0.0	0.0	0.0	0.0	0.0	0.0	0.0	0.0	0.0	0.0	0.0	0.0	0.0	0.0	0.0	0.0	
mean=0.0
p=0.025500000000000002
0.0	0.0	0.0	0.0	0.0	0.0	0.0	0.0	0.0	0.0	0.0	0.0	0.0	0.0	0.0	0.0	0.0	0.0	0.0	0.0	0.0	0.0	0.0	0.0	0.0	0.0	0.0	0.0	0.0	0.0	0.0	0.0	
mean=0.0
p=0.027000000000000003
0.0	0.0	0.0	0.0	0.0	0.0	0.0	0.77	0.735	0.0	0.0	0.65	0.0	0.0	0.0	0.0	0.0	0.0	0.0	0.695	0.73	0.0	0.0	0.0	0.0	0.0	0.6	0.0	0.7	0.0	0.71	0.0	
mean=0.1746875
p=0.028500000000000004
0.0	0.595	0.795	0.7	0.705	0.645	0.0	0.0	0.0	0.79	0.7	0.645	0.0	0.645	0.705	0.79	0.0	0.66	0.7	0.0	0.885	0.725	0.605	0.0	0.645	0.0	0.0	0.795	0.8	0.65	0.735	0.78	
mean=0.49046874999999995
p=0.030000000000000006
0.85	0.805	0.855	0.74	0.845	0.885	0.865	0.87	0.895	0.815	0.0	0.8	0.865	0.0	0.0	0.84	0.8	0.825	0.875	0.755	0.75	0.83	0.785	0.865	0.77	0.755	0.795	0.785	0.745	0.75	0.0	0.0	
mean=0.68796875
p=0.03150000000000001
0.895	0.8	0.845	0.895	0.88	0.91	0.87	0.79	0.705	0.875	0.765	0.855	0.915	0.85	0.8	0.89	0.865	0.855	0.92	0.835	0.89	0.885	0.72	0.92	0.765	0.84	0.76	0.845	0.85	0.845	0.725	0.86	
mean=0.8412500000000003
p=0.03300000000000001
0.91	0.945	0.88	0.925	0.905	0.92	0.925	0.94	0.905	0.945	0.825	0.9	0.885	0.935	0.845	0.925	0.885	0.83	0.925	0.92	0.895	0.865	0.925	0.92	0.925	0.755	0.935	0.88	0.91	0.88	0.92	0.92	
mean=0.9001562500000001
