p=0.015
0.0	0.0	0.0	0.0	0.0	0.0	0.0	0.0	0.0	0.0	0.0	0.0	0.0	0.0	0.0	0.0	0.0	0.0	0.0	0.0	0.0	0.0	0.0	0.0	0.0	0.0	0.0	0.0	0.0	0.0	0.0	0.0	
mean=0.0
p=0.016
0.0	0.0	0.0	0.0	0.0	0.0	0.0	0.0	0.0	0.0	0.0	0.0	0.0	0.0	0.0	0.0	0.0	0.0	0.0	0.0	0.0	0.0	0.0	0.0	0.0	0.0	0.0	0.0	0.0	0.0	0.0	0.0	
mean=0.0
p=0.017
0.0	0.0	0.0	0.0	0.0	0.0	0.0	0.0	0.0	0.0	0.0	0.0	0.0	0.43	0.0	0.0	0.0	0.0	0.0	0.0	0.0	0.0	0.0	0.0	0.0	0.0	0.0	0.0	0.0	0.0	0.56	0.0	
mean=0.0309375
p=0.018000000000000002
0.0	0.0	0.0	0.0	0.0	0.685	0.0	0.6	0.65	0.46	0.445	0.52	0.0	0.0	0.0	0.0	0.0	0.0	0.585	0.0	0.0	0.0	0.0	0.0	0.0	0.0	0.0	0.0	0.0	0.0	0.0	0.0	
mean=0.12328125
p=0.019000000000000003
0.0	0.745	0.58	0.67	0.625	0.0	0.73	0.0	0.71	0.62	0.0	0.595	0.565	0.0	0.0	0.55	0.685	0.635	0.79	0.665	0.0	0.42	0.0	0.62	0.0	0.47	0.735	0.0	0.61	0.0	0.57	0.71	
mean=0.4156249999999999
p=0.020000000000000004
0.83	0.735	0.78	0.545	0.645	0.655	0.735	0.0	0.8	0.755	0.74	0.72	0.59	0.66	0.655	0.775	0.72	0.0	0.625	0.63	0.575	0.735	0.62	0.6	0.54	0.795	0.735	0.815	0.81	0.685	0.815	0.0	
mean=0.635
p=0.021000000000000005
0.69	0.695	0.725	0.715	0.59	0.655	0.835	0.785	0.805	0.795	0.64	0.74	0.755	0.725	0.715	0.78	0.825	0.795	0.79	0.8	0.81	0.7	0.74	0.795	0.76	0.675	0.81	0.785	0.78	0.84	0.575	0.595	
mean=0.74125
p=0.022000000000000006
0.8	0.765	0.84	0.795	0.835	0.8	0.785	0.745	0.685	0.82	0.795	0.74	0.835	0.87	0.83	0.845	0.785	0.78	0.9	0.74	0.805	0.745	0.85	0.82	0.75	0.865	0.71	0.825	0.805	0.86	0.865	0.82	
mean=0.8034375
p=0.023000000000000007
0.805	0.835	0.835	0.835	0.78	0.85	0.885	0.915	0.835	0.85	0.78	0.87	0.85	0.815	0.87	0.885	0.825	0.83	0.755	0.76	0.85	0.905	0.89	0.84	0.885	0.88	0.865	0.86	0.815	0.85	0.84	0.87	
mean=0.84421875
p=0.024000000000000007
0.825	0.865	0.89	0.87	0.88	0.92	0.88	0.81	0.815	0.89	0.905	0.93	0.89	0.865	0.92	0.905	0.805	0.895	0.845	0.895	0.87	0.89	0.88	0.88	0.85	0.93	0.915	0.935	0.945	0.925	0.9	0.935	
mean=0.8860937499999998
p=0.02500000000000001
0.885	0.905	0.89	0.925	0.94	0.825	0.93	0.89	0.92	0.87	0.905	0.81	0.935	0.93	0.9	0.895	0.82	0.89	0.95	0.9	0.86	0.84	0.915	0.895	0.885	0.905	0.915	0.865	0.935	0.87	0.915	0.905	
mean=0.8943749999999998
p=0.02600000000000001
0.87	0.92	0.93	0.95	0.935	0.9	0.915	0.835	0.875	0.96	0.94	0.935	0.955	0.895	0.93	0.94	0.955	0.925	0.925	0.9	0.95	0.875	0.94	0.93	0.945	0.885	0.84	0.935	0.945	0.91	0.94	0.905	
mean=0.9184375
p=0.02700000000000001
0.96	0.95	0.93	0.9	0.955	0.955	0.925	0.93	0.98	0.885	0.92	0.94	0.92	0.925	0.955	0.915	0.965	0.925	0.95	0.925	0.96	0.945	0.955	0.945	0.935	0.975	0.93	0.97	0.975	0.89	0.945	0.925	
mean=0.9393750000000001
