p=0.03
0.0	0.0	0.0	0.0	0.0	0.0	0.0	0.0	0.0	0.0	0.0	0.0	0.0	0.0	0.0	0.0	0.0	0.0	0.0	0.0	0.0	0.0	0.0	0.0	0.0	0.0	0.0	0.0	0.0	0.0	0.0	0.0	
mean=0.0
p=0.032
0.0	0.0	0.0	0.0	0.0	0.0	0.0	0.0	0.0	0.0	0.0	0.0	0.0	0.0	0.0	0.0	0.0	0.0	0.0	0.0	0.0	0.0	0.0	0.0	0.0	0.0	0.0	0.0	0.0	0.0	0.0	0.0	
mean=0.0
p=0.034
0.0	0.0	0.0	0.0	0.0	0.0	0.0	0.0	0.0	0.0	0.0	0.0	0.0	0.0	0.0	0.0	0.0	0.0	0.0	0.0	0.0	0.0	0.0	0.0	0.0	0.0	0.0	0.0	0.0	0.0	0.0	0.0	
mean=0.0
p=0.036000000000000004
0.715	0.0	0.0	0.0	0.0	0.84	0.0	0.0	0.0	0.0	0.0	0.0	0.0	0.0	0.0	0.0	0.0	0.0	0.755	0.0	0.0	0.0	0.0	0.74	0.0	0.0	0.0	0.0	0.0	0.0	0.815	0.0	
mean=0.12078124999999999
p=0.038000000000000006
0.885	0.84	0.77	0.0	0.82	0.735	0.575	0.8	0.8	0.73	0.84	0.845	0.0	0.825	0.875	0.93	0.0	0.79	0.78	0.8	0.83	0.74	0.71	0.88	0.89	0.885	0.0	0.905	0.835	0.765	0.8	0.83	
mean=0.7096875
p=0.04000000000000001
0.83	0.935	0.915	0.89	0.79	0.91	0.92	0.865	0.86	0.91	0.88	0.9	0.915	0.88	0.795	0.935	0.91	0.885	0.915	0.765	0.93	0.8	0.83	0.81	0.855	0.865	0.87	0.89	0.785	0.87	0.83	0.76	
mean=0.8656250000000001
p=0.04200000000000001
0.965	0.94	0.905	0.895	0.89	0.955	0.84	0.91	0.9	0.94	0.93	0.91	0.925	0.94	0.92	0.885	0.915	0.865	0.95	0.955	0.96	0.885	0.875	0.955	0.885	0.965	0.925	0.94	0.905	0.95	0.945	0.935	
mean=0.9206249999999999
