p=0.037500000000000006
0.0	0.0	0.0	0.0	0.0	0.0	0.0	0.0	0.0	0.0	0.0	0.0	0.0	0.0	0.0	0.0	0.0	0.0	0.0	0.0	0.0	0.0	0.0	0.0	0.0	0.0	0.0	0.0	0.0	0.0	0.0	0.0	
mean=0.0
p=0.04000000000000001
0.0	0.0	0.0	0.0	0.0	0.0	0.0	0.0	0.0	0.0	0.0	0.0	0.0	0.0	0.0	0.0	0.0	0.0	0.0	0.0	0.0	0.0	0.0	0.0	0.0	0.0	0.0	0.0	0.0	0.0	0.0	0.0	
mean=0.0
p=0.04250000000000001
0.0	0.0	0.0	0.0	0.0	0.0	0.0	0.0	0.855	0.0	0.0	0.0	0.0	0.0	0.0	0.0	0.0	0.0	0.0	0.0	0.0	0.0	0.0	0.0	0.0	0.0	0.0	0.0	0.0	0.0	0.0	0.0	
mean=0.02671875
p=0.04500000000000001
0.825	0.82	0.0	0.0	0.81	0.715	0.81	0.9	0.85	0.87	0.83	0.0	0.0	0.79	0.89	0.81	0.0	0.8	0.68	0.0	0.0	0.745	0.0	0.855	0.0	0.89	0.0	0.895	0.87	0.0	0.0	0.8	
mean=0.51421875
p=0.047500000000000014
0.855	0.93	0.935	0.86	0.83	0.825	0.925	0.81	0.93	0.82	0.905	0.76	0.87	0.88	0.79	0.925	0.92	0.88	0.88	0.9	0.87	0.825	0.865	0.91	0.815	0.945	0.92	0.93	0.9	0.855	0.89	0.915	
mean=0.8771875
p=0.05000000000000002
0.92	0.91	0.85	0.92	0.945	0.95	0.885	0.93	0.94	0.92	0.95	0.93	0.895	0.945	0.965	0.895	0.945	0.94	0.905	0.935	0.905	0.925	0.95	0.94	0.95	0.945	0.9	0.95	0.925	0.915	0.935	0.895	
mean=0.9253124999999999
