p=0.2
0.0	0.0	0.0	0.0	0.0	0.0	0.0	0.0	0.0	0.0	0.0	0.0	0.0	0.0	0.0	0.0	0.0	0.0	0.0	0.0	0.0	0.0	0.0	0.0	0.0	0.0	0.0	0.0	0.0	0.0	0.0	0.0	
mean=0.0
p=0.22000000000000003
0.0	0.0	0.0	0.0	0.0	0.0	0.0	0.0	0.0	0.0	0.0	0.0	0.0	0.0	0.0	0.0	0.0	0.0	0.0	0.0	0.0	0.0	0.0	0.0	0.0	0.0	0.0	0.0	0.0	0.0	0.0	0.0	
mean=0.0
p=0.24000000000000005
0.0	0.0	0.0	0.0	0.0	0.0	0.0	0.0	0.0	0.0	0.0	0.0	0.0	0.0	0.0	0.0	0.0	0.0	0.0	0.0	0.0	0.0	0.0	0.0	0.0	0.0	0.0	0.0	0.0	0.0	0.0	0.0	
mean=0.0
p=0.26000000000000006
0.0	0.0	0.0	0.0	0.0	0.935	0.0	0.0	0.0	0.0	0.0	0.0	0.0	0.915	0.0	0.0	0.0	0.0	0.0	0.0	0.0	0.0	0.0	0.0	0.0	0.0	0.0	0.975	0.0	0.0	0.0	0.0	
mean=0.08828125
p=0.2800000000000001
0.985	0.985	0.98	0.94	0.975	0.965	0.995	0.995	0.955	1.0	0.995	0.995	0.0	0.99	0.97	1.0	1.0	0.985	0.98	0.965	1.0	1.0	1.0	0.995	0.995	0.995	0.995	1.0	0.99	1.0	0.995	0.97	
mean=0.9559375000000001
