p=0.1
0.0	0.0	0.0	0.0	0.0	0.0	0.0	0.0	0.0	0.0	0.0	0.0	0.0	0.0	0.0	0.0	0.0	0.0	0.0	0.0	0.0	0.0	0.0	0.0	0.0	0.0	0.0	0.0	0.0	0.0	0.0	0.0	
mean=0.0
p=0.11000000000000001
0.0	0.0	0.0	0.0	0.0	0.0	0.0	0.0	0.0	0.0	0.0	0.0	0.0	0.0	0.0	0.0	0.0	0.0	0.0	0.0	0.0	0.0	0.0	0.0	0.0	0.0	0.0	0.0	0.0	0.0	0.0	0.0	
mean=0.0
p=0.12000000000000002
0.0	0.0	0.0	0.0	0.0	0.0	0.0	0.0	0.0	0.0	0.0	0.0	0.0	0.0	0.0	0.0	0.0	0.0	0.0	0.0	0.0	0.0	0.0	0.0	0.0	0.0	0.0	0.0	0.0	0.0	0.0	0.0	
mean=0.0
p=0.13000000000000003
0.0	0.0	0.0	0.0	0.0	0.0	0.0	0.0	0.0	0.0	0.0	0.0	0.0	0.0	0.0	0.0	0.0	0.0	0.0	0.0	0.0	0.0	0.0	0.0	0.0	0.0	0.0	0.0	0.0	0.0	0.0	0.0	
mean=0.0
p=0.14000000000000004
0.0	0.0	0.0	0.0	0.0	0.0	0.0	0.0	0.0	0.0	0.0	0.0	0.0	0.0	0.0	0.0	0.0	0.0	0.0	0.0	0.0	0.0	0.0	0.0	0.0	0.0	0.0	0.0	0.0	0.0	0.0	0.0	
mean=0.0
p=0.15000000000000005
0.97	0.945	0.95	0.95	0.96	0.945	0.91	0.0	0.955	0.94	0.93	0.98	0.945	0.955	0.94	0.955	0.97	0.97	0.93	0.88	0.94	0.95	0.97	0.94	0.97	0.95	0.9	0.945	0.0	0.94	0.955	0.98	
mean=0.8881249999999999
p=0.16000000000000006
0.97	0.955	0.965	0.97	0.985	0.98	0.99	1.0	0.985	0.975	0.975	0.99	0.985	0.99	0.985	0.995	0.995	0.985	0.99	0.985	1.0	0.99	0.99	0.99	0.99	1.0	0.965	0.98	0.97	0.995	0.965	0.99	
mean=0.9835937499999996
