0.04	0.0	0.0	0.0	0.0	0.0	0.0	0.0	0.0	0.0	0.0	0.0	0.0	0.0	0.0	0.0	0.0	0.0	0.0	0.0	0.0	0.0	0.0	0.0	0.0	0.0	0.0	0.0	0.0	0.0	0.0	0.0	0.0	0.0	0.0	0.0	0.0	0.0	0.0	0.0	0.0	0.0	0.0	0.0	0.0	0.0	0.0	0.0	0.0	0.0	0.0	0.0	0.0	0.0	0.0	0.0	0.0	0.0	0.0	0.0	0.0	0.0	0.0	0.0	0.0	
0.044000000000000004	0.0	0.0	0.0	0.0	0.0	0.0	0.0	0.0	0.0	0.0	0.0	0.0	0.0	0.0	0.0	0.0	0.0	0.0	0.0	0.0	0.0	0.0	0.0	0.0	0.0	0.0	0.0	0.0	0.0	0.0	0.0	0.0	0.0	0.0	0.0	0.0	0.0	0.0	0.0	0.0	0.0	0.0	0.0	0.0	0.0	0.0	0.0	0.0	0.0	0.0	0.0	0.0	0.0	0.0	0.0	0.0	0.0	0.0	0.0	0.0	0.0	0.0	0.0	0.0	
0.04800000000000001	0.0	0.0	0.0	0.0	0.0	0.0	0.0	0.0	0.0	0.0	0.0	0.0	0.0	0.0	0.0	0.0	0.0	0.0	0.0	0.0	0.0	0.0	0.0	0.0	0.0	0.0	0.0	0.0	0.0	0.0	0.0	0.0	0.0	0.0	0.0	0.0	0.0	0.0	0.0	0.0	0.0	0.0	0.0	0.0	0.0	0.0	0.0	0.0	0.0	0.0	0.0	0.0	0.0	0.0	0.0	0.0	0.0	0.0	0.0	0.0	0.0	0.0	0.0	0.0	
0.05200000000000001	0.0	0.0	0.0	0.0	0.0	0.0	0.0	0.0	0.0	0.0	0.0	0.0	0.0	0.0	0.0	0.0	0.0	0.0	0.0	0.0	0.0	0.0	0.0	0.0	0.0	0.0	0.0	0.0	0.0	0.0	0.0	0.0	0.0	0.0	0.0	0.0	0.0	0.0	0.0	0.0	0.0	0.0	0.0	0.0	0.0	0.0	0.0	0.0	0.0	0.0	0.0	0.0	0.0	0.0	0.0	0.0	0.0	0.0	0.0	0.0	0.0	0.0	0.0	0.0	
0.056000000000000015	0.0	0.0	0.0	0.0	0.0	0.0	0.0	0.0	0.0	0.0	0.0	0.0	0.0	0.0	0.0	0.0	0.0	0.0	0.0	0.0	0.0	0.0	0.0	0.0	0.0	0.0	0.0	0.0	0.0	0.0	0.0	0.0	0.0	0.0	0.0	0.0	0.0	0.0	0.0	0.0	0.0	0.0	0.0	0.0	0.0	0.0	0.0	0.0	0.0	0.0	0.0	0.0	0.0	0.0	0.0	0.0	0.0	0.0	0.0	0.0	0.0	0.0	0.0	0.42	
0.06000000000000002	0.0	0.0	0.0	0.0	0.0	0.0	0.0	0.0	0.0	0.0	0.0	0.0	0.0	0.0	0.0	0.0	0.0	0.0	0.0	0.0	0.0	0.0	0.0	0.0	0.0	0.0	0.0	0.0	0.0	0.0	0.0	0.0	0.0	0.0	0.0	0.0	0.0	0.0	0.0	0.0	0.0	0.0	0.0	0.0	0.0	0.0	0.0	0.0	0.0	0.0	0.0	0.0	0.0	0.0	0.0	0.0	0.0	0.0	0.0	0.0	0.0	0.0	0.44	0.62	
0.06400000000000003	0.0	0.0	0.0	0.0	0.0	0.0	0.0	0.0	0.0	0.0	0.0	0.0	0.0	0.0	0.0	0.0	0.0	0.0	0.0	0.0	0.0	0.0	0.0	0.0	0.0	0.0	0.0	0.0	0.0	0.0	0.0	0.0	0.0	0.0	0.0	0.16	0.0	0.0	0.0	0.0	0.0	0.0	0.0	0.0	0.0	0.0	0.0	0.0	0.0	0.0	0.0	0.0	0.0	0.0	0.0	0.0	0.0	0.48	0.44	0.5	0.5	0.66	0.7	0.68	
0.06800000000000003	0.0	0.0	0.0	0.0	0.0	0.0	0.0	0.0	0.0	0.0	0.0	0.0	0.0	0.0	0.0	0.0	0.0	0.2	0.0	0.0	0.0	0.0	0.0	0.0	0.0	0.0	0.0	0.0	0.0	0.0	0.0	0.0	0.26	0.0	0.0	0.0	0.0	0.0	0.0	0.0	0.42	0.34	0.0	0.0	0.0	0.46	0.0	0.0	0.0	0.42	0.5	0.42	0.52	0.52	0.52	0.56	0.6	0.64	0.64	0.64	0.68	0.72	0.74	0.84	
0.07200000000000004	0.0	0.0	0.0	0.0	0.0	0.0	0.0	0.0	0.0	0.0	0.0	0.0	0.0	0.0	0.0	0.38	0.48	0.0	0.0	0.52	0.0	0.0	0.42	0.58	0.64	0.28	0.6	0.62	0.26	0.0	0.0	0.24	0.0	0.0	0.6	0.0	0.0	0.0	0.0	0.34	0.44	0.0	0.66	0.0	0.56	0.0	0.4	0.68	0.68	0.7	0.54	0.5	0.7	0.72	0.74	0.78	0.78	0.64	0.74	0.66	0.7	0.76	0.78	0.84	
0.07600000000000004	0.0	0.0	0.0	0.48	0.48	0.5	0.56	0.0	0.0	0.58	0.4	0.56	0.0	0.6	0.0	0.0	0.54	0.58	0.7	0.72	0.66	0.7	0.72	0.74	0.0	0.74	0.32	0.46	0.0	0.0	0.0	0.76	0.0	0.0	0.0	0.0	0.0	0.68	0.62	0.0	0.0	0.0	0.76	0.0	0.0	0.68	0.78	0.5	0.0	0.78	0.84	0.5	0.6	0.72	0.66	0.76	0.72	0.74	0.7	0.86	0.84	0.82	0.86	0.88	
0.08000000000000004	0.0	0.0	0.0	0.38	0.46	0.42	0.46	0.54	0.54	0.68	0.7	0.68	0.0	0.7	0.72	0.0	0.74	0.76	0.78	0.6	0.64	0.68	0.0	0.78	0.64	0.42	0.8	0.82	0.66	0.68	0.84	0.86	0.66	0.34	0.64	0.64	0.62	0.56	0.0	0.88	0.54	0.84	0.78	0.86	0.68	0.0	0.74	0.82	0.96	0.94	0.8	0.8	0.88	0.78	0.54	0.92	0.76	0.86	0.72	0.76	0.94	0.9	0.88	0.92	
0.08400000000000005	0.0	0.5	0.62	0.66	0.7	0.74	0.76	0.76	0.8	0.8	0.82	0.7	0.78	0.88	0.84	0.88	0.86	0.8	0.82	0.9	0.68	0.58	0.0	0.0	0.8	0.92	0.76	0.72	0.88	0.7	0.8	0.66	0.0	0.0	0.5	0.98	0.82	0.8	0.86	0.88	0.84	0.48	0.92	0.82	0.48	0.88	0.92	0.9	0.66	0.78	0.78	0.82	0.62	0.74	0.7	0.74	0.74	0.88	0.9	0.9	0.84	0.84	0.9	0.92	
0.08800000000000005	0.6	0.78	0.74	0.8	0.8	0.8	0.82	0.86	0.7	0.88	0.9	0.92	0.9	0.92	0.92	0.94	0.96	0.7	0.82	0.86	0.7	0.98	0.78	0.9	0.7	0.88	0.86	0.9	0.82	0.86	0.74	0.76	0.74	0.64	0.96	0.88	0.0	0.68	0.72	0.78	0.88	0.0	0.86	0.74	0.9	0.78	0.84	0.76	0.84	0.86	0.82	0.88	0.74	0.78	0.9	0.92	0.92	0.78	0.86	0.86	0.92	0.88	0.9	0.98	
0.09200000000000005	0.0	0.68	0.72	0.78	0.76	0.76	0.78	0.8	0.8	0.86	0.62	0.84	0.86	0.44	0.9	0.78	0.92	0.92	0.9	0.84	0.96	0.8	0.94	0.84	0.9	0.9	0.88	0.88	0.94	0.9	0.98	0.86	0.88	0.94	0.88	0.92	0.94	0.94	0.9	0.9	0.86	0.92	0.76	0.9	0.88	0.8	0.82	0.88	0.9	0.92	0.92	0.88	0.66	0.74	0.98	0.86	0.92	0.88	0.9	0.82	0.84	0.88	0.94	0.96	
0.09600000000000006	0.74	0.74	0.8	0.8	0.84	0.84	0.88	0.88	0.7	0.92	0.92	0.94	0.92	0.9	0.92	0.94	0.96	0.9	0.9	0.88	0.82	0.88	0.9	0.92	0.88	0.8	0.9	0.9	0.94	0.92	0.94	0.94	0.92	0.92	1.0	0.92	0.92	0.98	0.96	0.88	0.84	0.9	0.72	0.92	0.88	0.98	0.88	0.68	0.82	0.86	0.94	0.86	0.86	0.88	0.86	0.88	0.9	0.9	0.9	0.94	0.94	0.98	0.96	0.94	
0.10000000000000006	0.82	0.86	0.88	0.88	0.88	0.9	0.88	0.9	0.94	0.94	0.94	0.94	0.96	0.96	0.8	0.8	0.98	0.98	0.74	0.9	0.94	0.9	0.86	0.9	0.86	0.94	0.96	0.8	0.94	1.0	0.96	0.94	0.9	0.94	0.94	0.88	0.96	0.82	0.94	0.92	0.86	0.94	0.84	0.92	0.96	0.94	0.96	0.9	0.92	0.88	0.94	0.94	1.0	0.92	0.96	0.78	0.96	0.96	0.96	0.98	0.96	0.92	0.98	1.0	
