5.700	0.0
5.700	0.0
5.700	0.0
5.700	0.0
5.700	0.0
5.700	0.0
5.700	0.0
5.700	0.0
5.700	0.0
5.700	0.0
5.700	0.0
5.700	0.0
5.700	0.0
5.700	0.0
5.700	0.0
5.700	0.0
5.700	0.0
5.700	0.0
5.700	0.0
5.700	0.0
5.700	0.0
5.700	0.0
5.700	0.0
5.700	0.0
5.700	0.0
5.700	0.0
5.700	0.0
5.700	0.0
5.700	0.0
5.700	0.0
5.700	0.0
5.700	0.0
5.700	0.0
5.700	0.0
5.700	0.0
5.700	0.0
5.700	0.0
5.700	0.0
5.700	0.0
5.700	0.0
5.700	0.0
5.700	0.0
5.700	0.0
5.700	0.0
5.700	0.0
5.700	0.0
5.700	0.0
5.700	0.0
5.700	0.0
5.700	0.0
5.700	0.0
5.700	0.0
5.700	0.0
5.700	0.0
5.700	0.0
5.700	0.0
5.700	0.0
5.700	0.0
5.700	0.0
5.700	0.0
5.700	0.0
5.700	0.0
5.700	0.0
5.700	0.0
5.700	0.0
5.700	0.0
5.700	0.0
5.700	0.0
5.700	0.0
5.700	0.0
5.700	0.0
5.700	0.0
5.700	0.0
5.700	0.0
5.700	0.0
5.700	0.0
5.700	0.0
5.700	0.0
5.700	0.0
5.700	0.0
5.700	0.0
5.700	0.0
5.700	0.0
5.700	0.0
5.700	0.0
5.700	0.0
5.700	0.0
5.700	0.0
5.700	0.0
5.700	0.0
5.700	0.0
5.700	0.0
5.700	0.0
5.700	0.0
5.700	0.0
5.700	0.0
5.700	0.0
5.700	0.0
5.700	0.0
5.700	0.0
5.700	0.0
5.700	0.0
5.700	0.0
5.700	0.0
5.700	0.0
5.700	0.6419
5.700	0.0
5.700	0.0
5.700	0.0
5.700	0.0
5.700	0.0
5.700	0.0
5.700	0.0
5.700	0.0
5.700	0.0
5.700	0.0
5.700	0.0
5.700	0.0
5.700	0.0
5.700	0.0
5.700	0.0
5.700	0.0
5.700	0.0
5.700	0.0
5.700	0.0
5.700	0.0
5.700	0.0
5.700	0.0
5.700	0.0
5.700	0.0
5.700	0.0
5.700	0.0
5.700	0.0
5.700	0.0
5.700	0.0
5.700	0.0
5.700	0.0
5.700	0.0
5.700	0.0
5.700	0.0
5.700	0.0
5.700	0.0
5.700	0.0
5.700	0.6494
5.700	0.0
5.700	0.0
5.700	0.0
5.700	0.0
5.700	0.0
5.700	0.0
5.700	0.0
5.700	0.0
5.700	0.0
5.700	0.0
5.700	0.0
5.700	0.0
5.700	0.0
5.700	0.0
5.700	0.0
5.700	0.0
5.700	0.0
5.700	0.0
5.700	0.0
5.700	0.0
5.700	0.0
5.700	0.0
5.700	0.0
5.700	0.0
5.700	0.0
5.700	0.0
5.700	0.0
5.700	0.0
5.700	0.0
5.700	0.0
5.700	0.63
5.700	0.0
5.700	0.0
5.700	0.0
5.700	0.0
5.700	0.0
5.700	0.0
5.700	0.0
5.700	0.0
5.700	0.0
5.700	0.0
5.700	0.0
5.700	0.0
5.700	0.0
5.700	0.0
5.700	0.0
5.700	0.0
5.700	0.0
5.700	0.0
5.700	0.0
5.700	0.0
5.700	0.0
5.700	0.0
5.700	0.0
5.700	0.0
5.700	0.0
5.700	0.0
5.700	0.0
5.700	0.0
5.700	0.0
5.700	0.0
5.700	0.0
5.700	0.0
5.700	0.0
5.700	0.0
5.700	0.0
5.700	0.0
5.700	0.0
5.700	0.0
5.700	0.0
5.700	0.0
5.700	0.0
5.700	0.0
5.700	0.0
5.700	0.0
5.700	0.0
5.700	0.0
5.700	0.0
5.700	0.0
5.700	0.0
5.700	0.0
5.700	0.0
5.700	0.0
5.700	0.0
5.700	0.0
5.700	0.0
5.700	0.0
5.700	0.0
5.700	0.0
5.700	0.0
5.700	0.0
5.700	0.0
5.700	0.0
5.700	0.0
5.700	0.0
5.700	0.0
5.700	0.0
5.700	0.0
5.700	0.0
5.700	0.0
5.700	0.0
5.700	0.0
5.700	0.0
5.700	0.0
5.700	0.0
5.700	0.0
5.700	0.0
5.700	0.0
5.700	0.0
5.700	0.0
5.700	0.0
5.700	0.0
5.710	0.0
5.710	0.0
5.710	0.0
5.710	0.0
5.710	0.0
5.710	0.0
5.710	0.0
5.710	0.0
5.710	0.0
5.710	0.0
5.710	0.0
5.710	0.0
5.710	0.0
5.710	0.0
5.710	0.0
5.710	0.0
5.710	0.0
5.710	0.0
5.710	0.0
5.710	0.0
5.710	0.0
5.710	0.0
5.710	0.0
5.710	0.0
5.710	0.0
5.710	0.0
5.710	0.0
5.710	0.0
5.710	0.0
5.710	0.0
5.710	0.0
5.710	0.0
5.710	0.0
5.710	0.0
5.710	0.0
5.710	0.0
5.710	0.0
5.710	0.0
5.710	0.0
5.710	0.0
5.710	0.0
5.710	0.0
5.710	0.0
5.710	0.0
5.710	0.0
5.710	0.0
5.710	0.6447
5.710	0.0
5.710	0.0
5.710	0.0
5.710	0.0
5.710	0.0
5.710	0.0
5.710	0.0
5.710	0.0
5.710	0.0
5.710	0.0
5.710	0.0
5.710	0.0
5.710	0.0
5.710	0.0
5.710	0.0
5.710	0.0
5.710	0.0
5.710	0.0
5.710	0.0
5.710	0.0
5.710	0.0
5.710	0.0
5.710	0.0
5.710	0.0
5.710	0.0
5.710	0.0
5.710	0.0
5.710	0.0
5.710	0.0
5.710	0.0
5.710	0.0
5.710	0.0
5.710	0.0
5.710	0.0
5.710	0.0
5.710	0.0
5.710	0.0
5.710	0.0
5.710	0.0
5.710	0.0
5.710	0.0
5.710	0.0
5.710	0.0
5.710	0.0
5.710	0.0
5.710	0.6136
5.710	0.0
5.710	0.0
5.710	0.0
5.710	0.0
5.710	0.0
5.710	0.0
5.710	0.0
5.710	0.0
5.710	0.0
5.710	0.0
5.710	0.0
5.710	0.0
5.710	0.0
5.710	0.0
5.710	0.0
5.710	0.0
5.710	0.0
5.710	0.6447
5.710	0.0
5.710	0.0
5.710	0.0
5.710	0.0
5.710	0.0
5.710	0.0
5.710	0.0
5.710	0.0
5.710	0.0
5.710	0.0
5.710	0.0
5.710	0.0
5.710	0.0
5.710	0.0
5.710	0.0
5.710	0.0
5.710	0.0
5.710	0.0
5.710	0.0
5.710	0.0
5.710	0.0
5.710	0.0
5.710	0.0
5.710	0.0
5.710	0.0
5.710	0.0
5.710	0.0
5.710	0.0
5.710	0.0
5.710	0.0
5.710	0.0
5.710	0.0
5.710	0.0
5.710	0.0
5.710	0.0
5.710	0.0
5.710	0.0
5.710	0.0
5.710	0.0
5.710	0.0
5.710	0.0
5.710	0.0
5.710	0.0
5.710	0.0
5.710	0.0
5.710	0.0
5.710	0.0
5.710	0.5929
5.710	0.0
5.710	0.0
5.710	0.0
5.710	0.0
5.710	0.0
5.710	0.0
5.710	0.0
5.710	0.0
5.710	0.0
5.710	0.0
5.710	0.0
5.710	0.0
5.710	0.0
5.710	0.0
5.710	0.0
5.710	0.0
5.710	0.0
5.710	0.0
5.710	0.0
5.710	0.0
5.710	0.0
5.710	0.0
5.710	0.0
5.710	0.0
5.710	0.0
5.710	0.0
5.710	0.0
5.710	0.0
5.710	0.0
5.710	0.0
5.710	0.0
5.710	0.0
5.710	0.0
5.710	0.0
5.710	0.0
5.710	0.0
5.710	0.0
5.710	0.0
5.710	0.0
5.710	0.0
5.710	0.0
5.710	0.0
5.710	0.0
5.710	0.0
5.710	0.0
5.710	0.0
5.710	0.0
5.710	0.0
5.710	0.0
5.710	0.0
5.710	0.0
5.710	0.0
5.710	0.0
5.710	0.0
5.710	0.0
5.710	0.0
5.710	0.0
5.710	0.0
5.710	0.0
5.710	0.0
5.710	0.0
5.710	0.0
5.710	0.0
5.710	0.0
5.710	0.6628
5.710	0.0
5.710	0.0
5.710	0.0
5.710	0.0
5.710	0.0
5.710	0.0
5.710	0.0
5.710	0.0
5.710	0.0
5.710	0.0
5.710	0.0
5.710	0.0
5.710	0.0
5.710	0.0
5.710	0.0
5.710	0.0
5.710	0.0
5.710	0.0
5.710	0.0
5.710	0.0
5.710	0.0
5.710	0.0
5.710	0.0
5.710	0.0
5.710	0.0
5.710	0.0
5.710	0.0
5.710	0.0
5.710	0.0
5.710	0.0
5.710	0.0
5.710	0.0
5.720	0.0
5.720	0.0
5.720	0.0
5.720	0.0
5.720	0.0
5.720	0.0
5.720	0.0
5.720	0.0
5.720	0.0
5.720	0.0
5.720	0.0
5.720	0.0
5.720	0.0
5.720	0.6077
5.720	0.0
5.720	0.5915
5.720	0.6493
5.720	0.0
5.720	0.0
5.720	0.0
5.720	0.0
5.720	0.0
5.720	0.0
5.720	0.0
5.720	0.0
5.720	0.0
5.720	0.0
5.720	0.0
5.720	0.0
5.720	0.0
5.720	0.0
5.720	0.0
5.720	0.0
5.720	0.0
5.720	0.0
5.720	0.0
5.720	0.0
5.720	0.0
5.720	0.0
5.720	0.0
5.720	0.0
5.720	0.0
5.720	0.0
5.720	0.0
5.720	0.0
5.720	0.0
5.720	0.0
5.720	0.0
5.720	0.0
5.720	0.0
5.720	0.6199
5.720	0.0
5.720	0.0
5.720	0.0
5.720	0.0
5.720	0.0
5.720	0.699
5.720	0.0
5.720	0.0
5.720	0.0
5.720	0.0
5.720	0.6358
5.720	0.0
5.720	0.0
5.720	0.0
5.720	0.0
5.720	0.0
5.720	0.0
5.720	0.0
5.720	0.0
5.720	0.0
5.720	0.0
5.720	0.0
5.720	0.0
5.720	0.0
5.720	0.0
5.720	0.0
5.720	0.0
5.720	0.0
5.720	0.0
5.720	0.0
5.720	0.0
5.720	0.0
5.720	0.0
5.720	0.0
5.720	0.0
5.720	0.0
5.720	0.0
5.720	0.0
5.720	0.0
5.720	0.0
5.720	0.0
5.720	0.0
5.720	0.0
5.720	0.0
5.720	0.0
5.720	0.6453
5.720	0.0
5.720	0.0
5.720	0.0
5.720	0.0
5.720	0.0
5.720	0.0
5.720	0.0
5.720	0.0
5.720	0.0
5.720	0.0
5.720	0.0
5.720	0.0
5.720	0.0
5.720	0.0
5.720	0.0
5.720	0.0
5.720	0.0
5.720	0.0
5.720	0.0
5.720	0.0
5.720	0.0
5.720	0.0
5.720	0.6088
5.720	0.0
5.720	0.0
5.720	0.0
5.720	0.0
5.720	0.0
5.720	0.0
5.720	0.0
5.720	0.0
5.720	0.6379
5.720	0.0
5.720	0.0
5.720	0.0
5.720	0.0
5.720	0.0
5.720	0.0
5.720	0.0
5.720	0.6217
5.720	0.0
5.720	0.0
5.720	0.0
5.720	0.0
5.720	0.0
5.720	0.0
5.720	0.0
5.720	0.0
5.720	0.0
5.720	0.0
5.720	0.0
5.720	0.0
5.720	0.0
5.720	0.6044
5.720	0.0
5.720	0.0
5.720	0.0
5.720	0.0
5.720	0.0
5.720	0.0
5.720	0.0
5.720	0.0
5.720	0.0
5.720	0.0
5.720	0.0
5.720	0.0
5.720	0.0
5.720	0.0
5.720	0.0
5.720	0.0
5.720	0.0
5.720	0.0
5.720	0.0
5.720	0.0
5.720	0.0
5.720	0.0
5.720	0.0
5.720	0.0
5.720	0.0
5.720	0.6114
5.720	0.0
5.720	0.0
5.720	0.0
5.720	0.0
5.720	0.0
5.720	0.0
5.720	0.0
5.720	0.0
5.720	0.0
5.720	0.0
5.720	0.0
5.720	0.0
5.720	0.0
5.720	0.0
5.720	0.0
5.720	0.0
5.720	0.0
5.720	0.0
5.720	0.0
5.720	0.0
5.720	0.0
5.720	0.0
5.720	0.0
5.720	0.0
5.720	0.0
5.720	0.0
5.720	0.0
5.720	0.0
5.720	0.0
5.720	0.0
5.720	0.0
5.720	0.0
5.720	0.0
5.720	0.0
5.720	0.0
5.720	0.0
5.720	0.0
5.720	0.0
5.720	0.0
5.720	0.0
5.720	0.0
5.720	0.0
5.720	0.0
5.720	0.0
5.720	0.0
5.720	0.0
5.720	0.0
5.720	0.0
5.720	0.0
5.720	0.0
5.720	0.0
5.720	0.0
5.720	0.614
5.720	0.0
5.720	0.0
5.720	0.0
5.720	0.0
5.720	0.0
5.720	0.0
5.720	0.0
5.720	0.6412
5.720	0.0
5.720	0.0
5.720	0.0
5.720	0.0
5.720	0.0
5.720	0.6477
5.720	0.0
5.720	0.0
5.720	0.5941
5.720	0.0
5.720	0.0
5.720	0.0
5.720	0.0
5.720	0.0
5.720	0.0
5.720	0.0
5.720	0.0
5.720	0.0
5.730	0.6691
5.730	0.0
5.730	0.645
5.730	0.0
5.730	0.0
5.730	0.0
5.730	0.0
5.730	0.0
5.730	0.0
5.730	0.0
5.730	0.0
5.730	0.6193
5.730	0.0
5.730	0.0
5.730	0.6603
5.730	0.0
5.730	0.6351
5.730	0.0
5.730	0.0
5.730	0.0
5.730	0.0
5.730	0.0
5.730	0.0
5.730	0.0
5.730	0.0
5.730	0.5765
5.730	0.0
5.730	0.0
5.730	0.0
5.730	0.6322
5.730	0.0
5.730	0.0
5.730	0.0
5.730	0.0
5.730	0.0
5.730	0.0
5.730	0.0
5.730	0.0
5.730	0.0
5.730	0.0
5.730	0.0
5.730	0.0
5.730	0.0
5.730	0.0
5.730	0.0
5.730	0.0
5.730	0.6484
5.730	0.0
5.730	0.0
5.730	0.0
5.730	0.0
5.730	0.0
5.730	0.0
5.730	0.0
5.730	0.0
5.730	0.0
5.730	0.0
5.730	0.0
5.730	0.6495
5.730	0.0
5.730	0.0
5.730	0.0
5.730	0.0
5.730	0.0
5.730	0.0
5.730	0.0
5.730	0.0
5.730	0.0
5.730	0.0
5.730	0.0
5.730	0.0
5.730	0.0
5.730	0.0
5.730	0.0
5.730	0.0
5.730	0.0
5.730	0.0
5.730	0.0
5.730	0.0
5.730	0.0
5.730	0.0
5.730	0.6196
5.730	0.0
5.730	0.6475
5.730	0.0
5.730	0.0
5.730	0.0
5.730	0.0
5.730	0.0
5.730	0.0
5.730	0.0
5.730	0.6615
5.730	0.0
5.730	0.0
5.730	0.0
5.730	0.0
5.730	0.0
5.730	0.0
5.730	0.0
5.730	0.0
5.730	0.0
5.730	0.0
5.730	0.0
5.730	0.0
5.730	0.6611
5.730	0.6514
5.730	0.0
5.730	0.6403
5.730	0.0
5.730	0.0
5.730	0.5812
5.730	0.0
5.730	0.0
5.730	0.0
5.730	0.0
5.730	0.6703
5.730	0.0
5.730	0.0
5.730	0.0
5.730	0.0
5.730	0.0
5.730	0.0
5.730	0.0
5.730	0.6216
5.730	0.6071
5.730	0.6677
5.730	0.0
5.730	0.0
5.730	0.686
5.730	0.6585
5.730	0.0
5.730	0.0
5.730	0.0
5.730	0.0
5.730	0.0
5.730	0.0
5.730	0.0
5.730	0.0
5.730	0.0
5.730	0.0
5.730	0.0
5.730	0.0
5.730	0.0
5.730	0.0
5.730	0.6181
5.730	0.6194
5.730	0.0
5.730	0.0
5.730	0.0
5.730	0.0
5.730	0.0
5.730	0.0
5.730	0.0
5.730	0.0
5.730	0.0
5.730	0.6053
5.730	0.6546
5.730	0.0
5.730	0.0
5.730	0.0
5.730	0.0
5.730	0.0
5.730	0.0
5.730	0.0
5.730	0.0
5.730	0.0
5.730	0.0
5.730	0.0
5.730	0.0
5.730	0.0
5.730	0.0
5.730	0.0
5.730	0.6497
5.730	0.0
5.730	0.6271
5.730	0.62
5.730	0.6245
5.730	0.626
5.730	0.0
5.730	0.0
5.730	0.0
5.730	0.0
5.730	0.0
5.730	0.0
5.730	0.0
5.730	0.0
5.730	0.0
5.730	0.0
5.730	0.0
5.730	0.0
5.730	0.0
5.730	0.0
5.730	0.6607
5.730	0.0
5.730	0.0
5.730	0.0
5.730	0.0
5.730	0.6439
5.730	0.0
5.730	0.0
5.730	0.0
5.730	0.0
5.730	0.0
5.730	0.0
5.730	0.0
5.730	0.0
5.730	0.0
5.730	0.0
5.730	0.0
5.730	0.0
5.730	0.0
5.730	0.0
5.730	0.0
5.730	0.0
5.730	0.0
5.730	0.0
5.730	0.0
5.730	0.6628
5.730	0.6458
5.730	0.6509
5.730	0.0
5.730	0.0
5.730	0.0
5.730	0.662
5.730	0.0
5.730	0.0
5.730	0.0
5.730	0.0
5.730	0.0
5.730	0.0
5.730	0.6118
5.730	0.0
5.730	0.6467
5.730	0.0
5.730	0.0
5.730	0.0
5.730	0.0
5.730	0.0
5.730	0.6162
5.730	0.0
5.730	0.0
5.730	0.0
5.730	0.0
5.730	0.0
5.730	0.662
5.730	0.0
5.730	0.0
5.730	0.0
5.730	0.0
5.730	0.0
5.730	0.0
5.730	0.0
5.730	0.0
5.730	0.0
5.730	0.0
5.730	0.0
5.740	0.0
5.740	0.0
5.740	0.6312
5.740	0.6749
5.740	0.0
5.740	0.0
5.740	0.6389
5.740	0.0
5.740	0.0
5.740	0.621
5.740	0.0
5.740	0.0
5.740	0.0
5.740	0.0
5.740	0.0
5.740	0.0
5.740	0.0
5.740	0.0
5.740	0.6176
5.740	0.0
5.740	0.0
5.740	0.0
5.740	0.0
5.740	0.6491
5.740	0.0
5.740	0.0
5.740	0.0
5.740	0.0
5.740	0.0
5.740	0.0
5.740	0.0
5.740	0.0
5.740	0.6695
5.740	0.0
5.740	0.0
5.740	0.6362
5.740	0.0
5.740	0.6598
5.740	0.0
5.740	0.0
5.740	0.5926
5.740	0.0
5.740	0.6695
5.740	0.0
5.740	0.0
5.740	0.0
5.740	0.0
5.740	0.0
5.740	0.0
5.740	0.0
5.740	0.6668
5.740	0.0
5.740	0.0
5.740	0.6316
5.740	0.6496
5.740	0.6409
5.740	0.0
5.740	0.6149
5.740	0.0
5.740	0.0
5.740	0.6601
5.740	0.0
5.740	0.0
5.740	0.6515
5.740	0.0
5.740	0.0
5.740	0.0
5.740	0.0
5.740	0.6416
5.740	0.6536
5.740	0.6382
5.740	0.0
5.740	0.6768
5.740	0.6334
5.740	0.0
5.740	0.0
5.740	0.0
5.740	0.6033
5.740	0.0
5.740	0.0
5.740	0.0
5.740	0.6314
5.740	0.0
5.740	0.0
5.740	0.6645
5.740	0.0
5.740	0.0
5.740	0.0
5.740	0.0
5.740	0.0
5.740	0.0
5.740	0.0
5.740	0.6431
5.740	0.0
5.740	0.0
5.740	0.0
5.740	0.6531
5.740	0.0
5.740	0.0
5.740	0.6116
5.740	0.6355
5.740	0.0
5.740	0.0
5.740	0.0
5.740	0.0
5.740	0.6384
5.740	0.6478
5.740	0.6677
5.740	0.6177
5.740	0.0
5.740	0.0
5.740	0.0
5.740	0.6512
5.740	0.0
5.740	0.0
5.740	0.0
5.740	0.0
5.740	0.6595
5.740	0.0
5.740	0.0
5.740	0.0
5.740	0.6285
5.740	0.0
5.740	0.0
5.740	0.0
5.740	0.6264
5.740	0.6356
5.740	0.0
5.740	0.6087
5.740	0.6518
5.740	0.6227
5.740	0.0
5.740	0.0
5.740	0.0
5.740	0.0
5.740	0.5976
5.740	0.0
5.740	0.0
5.740	0.0
5.740	0.0
5.740	0.6573
5.740	0.0
5.740	0.0
5.740	0.6132
5.740	0.0
5.740	0.0
5.740	0.6181
5.740	0.6493
5.740	0.6528
5.740	0.0
5.740	0.6626
5.740	0.0
5.740	0.0
5.740	0.0
5.740	0.6716
5.740	0.0
5.740	0.0
5.740	0.0
5.740	0.0
5.740	0.0
5.740	0.622
5.740	0.6725
5.740	0.0
5.740	0.0
5.740	0.0
5.740	0.0
5.740	0.0
5.740	0.6658
5.740	0.0
5.740	0.0
5.740	0.0
5.740	0.0
5.740	0.0
5.740	0.0
5.740	0.6546
5.740	0.6627
5.740	0.0
5.740	0.0
5.740	0.0
5.740	0.6842
5.740	0.0
5.740	0.6548
5.740	0.0
5.740	0.6498
5.740	0.0
5.740	0.6394
5.740	0.0
5.740	0.6375
5.740	0.0
5.740	0.0
5.740	0.0
5.740	0.0
5.740	0.0
5.740	0.0
5.740	0.6629
5.740	0.0
5.740	0.6701
5.740	0.6407
5.740	0.0
5.740	0.0
5.740	0.0
5.740	0.0
5.740	0.6146
5.740	0.6433
5.740	0.0
5.740	0.0
5.740	0.0
5.740	0.0
5.740	0.0
5.740	0.0
5.740	0.0
5.740	0.0
5.740	0.0
5.740	0.0
5.740	0.0
