p=0.15000000000000002
0.0	0.0	0.0	0.0	0.0	0.0	0.0	0.0	0.0	0.0	0.0	0.0	0.0	0.0	0.0	0.0	0.0	0.0	0.0	0.0	0.0	0.0	0.0	0.0	0.0	0.0	0.0	0.0	0.0	0.0	0.0	0.0	0.0	0.0	0.0	0.0	0.0	0.0	0.0	0.0	0.0	0.0	0.0	0.0	0.0	0.0	0.0	0.0	0.0	0.0	0.0	0.0	0.0	0.0	0.0	0.0	0.0	0.0	0.0	0.0	0.0	0.0	0.0	0.0	0.0	0.0	0.0	0.0	0.0	0.0	0.0	0.0	0.0	0.0	0.0	0.0	0.0	0.0	0.0	0.0	0.0	0.0	0.0	0.0	0.0	0.0	0.0	0.0	0.0	0.0	0.0	0.0	0.0	0.0	0.0	0.0	0.0	0.0	0.0	0.0	0.0	0.0	0.0	0.0	0.0	0.0	0.0	0.0	0.0	0.0	0.0	0.0	0.0	0.0	0.0	0.0	0.0	0.0	0.0	0.0	0.0	0.0	0.0	0.0	0.0	0.0	0.0	0.0	
mean=0.0
p=0.16500000000000004
0.0	0.0	0.0	0.0	0.0	0.0	0.0	0.0	0.0	0.0	0.0	0.0	0.0	0.0	0.0	0.0	0.0	0.0	0.0	0.0	0.0	0.0	0.0	0.0	0.0	0.0	0.0	0.0	0.0	0.0	0.0	0.0	0.0	0.0	0.0	0.0	0.0	0.0	0.0	0.0	0.0	0.0	0.0	0.0	0.0	0.0	0.0	0.0	0.0	0.0	0.0	0.0	0.0	0.0	0.0	0.0	0.0	0.0	0.0	0.0	0.0	0.0	0.0	0.0	0.0	0.0	0.0	0.0	0.0	0.0	0.0	0.0	0.0	0.0	0.0	0.0	0.0	0.0	0.0	0.0	0.0	0.0	0.0	0.0	0.0	0.0	0.0	0.0	0.0	0.0	0.0	0.0	0.0	0.0	0.0	0.0	0.0	0.0	0.0	0.0	0.0	0.0	0.0	0.0	0.0	0.0	0.0	0.0	0.0	0.0	0.0	0.0	0.0	0.0	0.0	0.0	0.0	0.0	0.0	0.0	0.0	0.0	0.0	0.0	0.0	0.0	0.0	0.0	
mean=0.0
p=0.18000000000000005
0.0	0.0	0.0	0.0	0.0	0.0	0.0	0.0	0.0	0.0	0.0	0.0	0.0	0.0	0.0	0.0	0.0	0.0	0.0	0.0	0.0	0.0	0.0	0.0	0.0	0.0	0.0	0.0	0.0	0.0	0.0	0.0	0.0	0.0	0.0	0.0	0.0	0.0	0.0	0.0	0.0	0.0	0.0	0.0	0.0	0.0	0.0	0.0	0.0	0.0	0.0	0.0	0.0	0.0	0.0	0.0	0.0	0.0	0.0	0.0	0.0	0.0	0.0	0.0	0.0	0.0	0.0	0.0	0.0	0.0	0.0	0.0	0.0	0.0	0.0	0.0	0.0	0.0	0.0	0.0	0.0	0.0	0.0	0.0	0.0	0.0	0.0	0.0	0.0	0.0	0.0	0.0	0.0	0.0	0.0	0.0	0.0	0.0	0.0	0.0	0.0	0.0	0.0	0.0	0.0	0.0	0.0	0.0	0.0	0.0	0.0	0.0	0.0	0.0	0.0	0.0	0.0	0.0	0.0	0.0	0.0	0.0	0.0	0.0	0.0	0.0	0.0	0.0	
mean=0.0
p=0.19500000000000006
0.0	0.0	0.0	0.0	0.0	0.0	0.0	0.0	0.0	0.0	0.0	0.0	0.0	0.0	0.0	0.0	0.0	0.0	0.0	0.0	0.0	0.0	0.0	0.0	0.0	0.0	0.0	0.0	0.0	0.0	0.0	0.0	0.0	0.0	0.0	0.0	0.0	0.0	0.0	0.0	0.0	0.0	0.0	0.0	0.0	0.0	0.0	0.0	0.0	0.0	0.0	0.0	0.0	0.0	0.0	0.0	0.0	0.0	0.0	0.0	0.0	0.0	0.0	0.0	0.0	0.0	0.0	0.0	0.0	0.0	0.0	0.0	0.0	0.0	0.0	0.0	0.0	0.0	0.0	0.0	0.0	0.0	0.0	0.0	0.0	0.0	0.0	0.0	0.0	0.0	0.0	0.0	0.0	0.0	0.0	0.0	0.0	0.0	0.0	0.0	0.0	0.0	0.0	0.0	0.0	0.0	0.0	0.0	0.0	0.0	0.0	0.0	0.0	0.0	0.0	0.0	0.0	0.0	0.0	0.0	0.0	0.0	0.0	0.0	0.0	0.0	0.0	0.0	
mean=0.0
p=0.21000000000000008
0.0	0.0	0.0	0.0	0.0	0.6	0.0	0.0	0.0	0.0	0.0	0.0	0.0	0.0	0.0	0.0	0.0	0.0	0.0	0.0	0.0	0.0	0.0	0.0	0.0	0.0	0.0	0.0	0.0	0.0	0.0	0.0	0.0	0.0	0.0	0.0	0.0	0.0	0.0	0.0	0.0	0.0	0.0	0.0	0.0	0.0	0.0	0.0	0.0	0.0	0.0	0.0	0.0	0.0	0.0	0.0	0.0	0.0	0.0	0.0	0.0	0.0	0.0	0.0	0.0	0.0	0.0	0.0	0.0	0.0	0.0	0.0	0.0	0.0	0.0	0.0	0.0	0.0	0.0	0.0	0.0	0.0	0.0	0.65	0.0	0.0	0.0	0.0	0.0	0.0	0.0	0.0	0.0	0.0	0.0	0.0	0.0	0.0	0.0	0.0	0.0	0.0	0.0	0.0	0.0	0.0	0.0	0.0	0.0	0.0	0.0	0.0	0.0	0.0	0.0	0.0	0.0	0.0	0.0	0.0	0.0	0.0	0.0	0.0	0.0	0.0	0.0	0.0	
mean=0.009765625
p=0.2250000000000001
0.0	0.0	0.0	0.0	0.0	0.0	0.0	0.85	0.0	0.0	0.0	0.0	0.0	0.0	0.0	0.0	0.0	0.75	0.0	0.0	0.0	0.0	0.0	0.0	0.0	0.9	0.0	0.0	0.0	0.0	0.0	0.0	0.0	0.0	0.0	0.0	0.9	0.0	0.7	0.0	0.0	0.0	0.75	0.0	0.9	0.7	0.0	0.0	0.0	0.0	0.0	0.0	0.55	0.0	0.0	0.0	0.6	0.0	0.0	0.0	0.0	0.0	0.0	0.0	0.0	0.0	0.0	0.0	0.0	0.0	0.0	0.0	0.0	0.0	0.0	0.0	0.0	0.0	0.0	0.0	0.65	0.0	0.7	0.0	0.0	0.0	0.0	0.0	0.0	0.0	0.0	0.0	0.0	0.0	0.0	0.0	0.7	0.8	0.75	0.0	0.0	0.0	0.0	0.0	0.0	0.0	0.0	0.0	0.0	0.0	0.75	0.0	0.0	0.75	0.0	0.0	0.0	0.0	0.0	0.5	0.0	0.9	0.0	0.0	0.0	0.75	0.0	0.0	
mean=0.116015625
p=0.2400000000000001
0.0	0.0	0.0	0.0	0.6	0.0	0.0	0.0	0.0	0.0	0.0	0.0	0.0	0.0	0.0	0.0	0.0	0.0	0.9	0.0	0.0	0.0	0.0	0.0	0.6	0.7	0.85	0.0	0.0	0.65	0.0	0.6	0.0	0.0	0.0	0.6	0.0	0.0	0.0	0.0	0.0	0.9	0.85	0.65	0.0	0.0	0.6	0.95	0.0	0.0	0.0	0.0	0.0	0.0	0.0	0.0	0.0	0.0	0.0	0.0	0.0	0.0	0.0	0.85	0.8	0.95	0.45	0.0	0.0	0.0	0.65	0.85	0.0	0.7	0.0	0.0	0.0	0.0	0.0	0.95	0.0	0.0	0.0	0.0	0.0	0.0	0.0	0.0	0.0	0.0	0.85	0.0	0.85	0.0	0.8	0.0	0.0	0.0	0.0	0.0	0.0	0.0	0.0	0.0	0.0	0.0	0.0	0.0	0.0	0.0	0.7	0.6	0.6	0.0	0.65	0.0	0.0	0.0	0.0	0.5	0.0	0.0	0.0	0.55	0.0	0.0	0.85	0.0	
mean=0.1765625
p=0.2550000000000001
0.85	0.0	0.75	0.85	0.0	0.0	0.0	1.0	0.0	0.8	0.85	0.95	0.0	0.0	0.0	0.9	0.95	0.85	0.85	0.95	0.85	0.0	0.0	0.0	0.0	0.0	0.0	0.0	0.0	1.0	0.0	0.0	0.85	0.4	0.95	0.55	0.5	0.7	0.65	0.0	0.0	0.0	0.0	0.7	0.0	0.8	0.65	0.0	0.85	0.7	0.85	0.85	0.6	0.0	0.0	0.85	0.0	0.8	0.0	0.0	0.8	0.0	0.75	0.0	0.0	0.0	0.0	0.0	0.95	0.0	0.75	0.95	1.0	0.0	0.95	0.0	0.0	0.0	0.75	0.0	0.95	0.0	0.0	1.0	0.8	0.0	0.0	0.0	0.7	0.7	0.0	0.95	0.95	0.85	0.9	0.6	0.0	0.0	0.85	0.9	0.9	0.0	0.0	1.0	0.0	0.0	0.0	0.8	0.0	0.0	0.0	0.3	0.0	0.0	0.0	0.0	0.0	0.7	0.9	0.0	0.0	0.0	0.5	0.75	0.9	0.0	0.0	0.0	
mean=0.378515625
p=0.27000000000000013
0.85	0.55	0.0	0.95	0.55	0.75	0.95	0.7	0.75	0.85	0.8	0.0	0.8	0.0	0.75	0.95	0.9	0.0	0.0	0.5	0.65	0.85	0.7	0.0	0.0	0.95	0.0	0.0	0.0	0.9	0.0	0.0	0.0	0.75	1.0	0.8	0.0	0.95	0.9	0.95	0.85	0.0	0.95	0.0	0.9	0.95	0.8	0.9	0.9	0.95	0.85	0.0	0.5	0.85	0.8	0.0	0.8	0.0	0.85	0.5	0.85	0.0	0.95	0.0	0.95	0.55	0.95	0.0	0.7	0.9	0.0	0.95	0.0	0.0	0.9	0.9	0.0	0.0	1.0	0.0	0.0	0.9	0.85	0.0	0.0	0.8	0.85	0.95	0.55	0.0	0.85	0.7	0.9	0.45	0.0	0.0	0.0	0.0	0.0	0.0	0.75	0.6	0.0	0.85	0.0	0.0	1.0	0.85	0.85	0.0	1.0	0.0	0.85	0.75	0.0	0.85	0.0	0.0	0.85	0.9	0.0	0.0	0.85	0.8	0.0	0.0	0.9	0.0	
mean=0.4953125000000001
p=0.28500000000000014
0.9	1.0	0.0	0.95	0.0	0.0	1.0	0.0	0.0	0.95	0.0	0.7	0.4	0.8	1.0	0.9	0.75	0.8	0.0	0.85	0.0	0.6	0.55	0.85	0.9	1.0	0.85	0.9	0.8	0.85	0.65	0.8	0.0	0.0	0.8	0.9	0.9	0.85	0.0	0.0	0.55	1.0	0.9	0.0	0.0	0.95	0.0	0.8	0.7	0.95	0.95	0.0	0.75	0.75	0.9	0.9	0.85	1.0	0.9	0.9	0.9	0.95	1.0	0.95	0.8	0.95	0.9	0.95	0.0	1.0	1.0	0.0	0.95	0.95	0.9	0.8	0.75	1.0	0.85	0.0	0.95	0.85	0.85	0.9	0.95	0.0	0.0	0.8	0.75	0.9	0.0	0.0	0.8	0.75	0.85	0.75	0.85	0.65	0.95	0.6	0.0	0.95	0.9	0.7	0.7	0.8	0.0	1.0	0.0	1.0	0.0	0.9	0.95	0.9	0.0	0.0	0.85	0.95	0.65	1.0	0.9	1.0	0.95	0.9	0.85	0.95	0.8	0.0	
mean=0.6585937500000003
p=0.30000000000000016
0.65	0.85	1.0	0.0	0.95	0.8	0.95	0.8	0.95	0.9	0.85	0.0	0.9	0.95	0.9	0.0	0.95	0.9	1.0	0.95	0.95	0.95	0.9	0.0	0.95	0.95	0.6	1.0	0.7	0.95	0.8	0.95	0.55	0.95	0.9	0.9	0.0	0.85	0.95	1.0	0.0	1.0	0.9	0.95	0.95	0.9	0.9	1.0	0.85	0.75	0.95	0.6	0.9	0.8	0.9	0.8	0.9	1.0	0.7	1.0	0.0	0.75	0.8	1.0	1.0	0.9	0.95	0.85	0.95	0.0	0.95	0.85	0.95	1.0	0.85	0.75	0.8	1.0	1.0	0.0	0.95	0.95	0.85	0.95	0.95	1.0	0.0	0.95	0.0	0.0	0.85	0.85	0.9	1.0	0.95	1.0	0.95	1.0	1.0	0.85	1.0	0.9	0.95	0.9	0.8	0.95	0.95	0.95	0.75	0.85	0.8	0.0	0.0	1.0	0.85	0.95	0.75	1.0	0.85	0.95	1.0	0.0	0.85	0.0	1.0	0.9	0.65	1.0	
mean=0.7863281250000002
p=0.31500000000000017
0.95	0.95	0.9	0.9	0.85	0.95	0.85	1.0	0.95	0.8	1.0	1.0	0.8	0.95	0.85	1.0	0.95	0.9	0.95	1.0	1.0	0.9	0.75	0.9	0.95	0.95	0.95	1.0	0.85	0.95	0.9	0.65	0.9	0.8	0.9	1.0	0.0	0.95	0.95	0.9	1.0	0.8	0.9	0.95	0.85	0.7	1.0	0.95	1.0	0.95	0.95	1.0	1.0	0.75	0.95	0.9	0.95	1.0	1.0	0.95	1.0	0.9	0.9	0.85	0.95	0.7	0.9	0.95	1.0	0.9	0.85	0.8	0.0	1.0	0.95	0.95	0.8	0.75	0.95	0.65	1.0	0.85	0.9	1.0	0.95	0.9	1.0	1.0	0.9	0.9	0.7	0.9	1.0	0.95	0.9	0.85	1.0	0.95	0.75	0.95	1.0	0.9	1.0	0.0	0.8	0.9	0.85	0.85	0.85	0.95	0.8	1.0	0.65	0.9	0.8	0.85	0.9	1.0	0.9	0.85	0.65	0.9	0.8	1.0	0.4	0.95	0.7	0.8	
mean=0.8769531250000006
p=0.3300000000000002
1.0	0.0	0.95	0.95	1.0	1.0	0.95	0.85	1.0	1.0	0.95	0.95	0.95	0.9	0.95	0.95	0.95	1.0	1.0	0.9	0.95	0.9	0.85	1.0	0.95	0.9	0.9	1.0	1.0	0.95	0.95	0.95	0.75	0.95	1.0	1.0	1.0	0.95	1.0	1.0	0.0	0.95	0.85	1.0	1.0	1.0	0.8	0.95	0.95	0.9	0.95	1.0	0.9	0.95	0.95	1.0	0.95	1.0	0.9	0.85	1.0	0.9	0.85	0.8	0.95	0.85	0.8	1.0	0.95	0.9	0.8	0.75	1.0	0.9	0.85	0.8	0.8	0.95	0.95	0.95	0.9	0.9	1.0	1.0	1.0	0.85	0.9	1.0	1.0	0.85	1.0	0.95	0.85	1.0	1.0	1.0	0.85	0.9	0.95	1.0	0.95	0.85	0.75	1.0	0.9	1.0	0.9	0.95	0.95	0.9	1.0	1.0	0.95	0.9	1.0	1.0	0.9	0.9	1.0	1.0	1.0	1.0	1.0	1.0	0.85	0.95	1.0	0.95	
mean=0.9234375000000005
p=0.34500000000000025
0.8	1.0	0.95	1.0	0.95	1.0	0.85	0.9	1.0	1.0	1.0	0.95	1.0	0.85	1.0	1.0	1.0	1.0	0.95	1.0	1.0	1.0	1.0	0.95	1.0	1.0	0.95	1.0	1.0	0.95	0.95	0.9	0.85	0.9	1.0	0.85	1.0	0.9	1.0	0.95	0.95	1.0	0.75	0.85	0.95	0.95	1.0	0.9	1.0	1.0	0.95	1.0	1.0	1.0	0.95	0.8	0.9	0.95	0.7	0.9	0.95	0.8	0.8	1.0	0.9	0.9	1.0	0.9	1.0	0.9	0.95	1.0	1.0	1.0	1.0	1.0	1.0	1.0	0.95	0.9	1.0	1.0	1.0	1.0	0.95	1.0	1.0	1.0	0.95	0.9	0.95	1.0	1.0	0.95	1.0	0.95	0.9	0.9	1.0	1.0	0.95	1.0	0.95	1.0	1.0	1.0	1.0	0.95	1.0	1.0	1.0	1.0	1.0	0.7	1.0	0.95	1.0	0.95	1.0	1.0	0.95	1.0	1.0	1.0	0.95	1.0	0.95	0.95	
mean=0.9570312500000007
