p=0.1
0.0	0.0	0.0	0.0	0.0	0.0	0.0	0.0	0.0	0.0	0.0	0.0	0.0	0.0	0.0	0.0	0.0	0.0	0.0	0.0	0.0	0.0	0.0	0.0	0.0	0.0	0.0	0.0	0.0	0.0	0.0	0.0	0.0	0.0	0.0	0.0	0.0	0.0	0.0	0.0	0.0	0.0	0.0	0.0	0.0	0.0	0.0	0.0	0.0	0.0	0.0	0.0	0.0	0.0	0.0	0.0	0.0	0.0	0.0	0.0	0.0	0.0	0.0	0.0	0.0	0.0	0.0	0.0	0.0	0.0	0.0	0.0	0.0	0.0	0.0	0.0	0.0	0.0	0.0	0.0	0.0	0.0	0.0	0.0	0.0	0.0	0.0	0.0	0.0	0.0	0.0	0.0	0.0	0.0	0.0	0.0	0.0	0.0	0.0	0.0	0.0	0.0	0.0	0.0	0.0	0.0	0.0	0.0	0.0	0.0	0.0	0.0	0.0	0.0	0.0	0.0	0.0	0.0	0.0	0.0	0.0	0.0	0.0	0.0	0.0	0.0	0.0	0.0	
mean=0.0
p=0.11000000000000001
0.0	0.0	0.0	0.0	0.0	0.0	0.0	0.0	0.0	0.0	0.0	0.0	0.0	0.0	0.0	0.0	0.0	0.0	0.0	0.0	0.0	0.0	0.0	0.0	0.0	0.0	0.0	0.0	0.0	0.0	0.0	0.0	0.0	0.0	0.0	0.0	0.0	0.0	0.0	0.0	0.0	0.0	0.0	0.0	0.0	0.0	0.0	0.0	0.0	0.0	0.0	0.0	0.0	0.0	0.0	0.0	0.0	0.0	0.0	0.0	0.0	0.0	0.0	0.0	0.0	0.0	0.0	0.0	0.0	0.0	0.0	0.0	0.0	0.0	0.0	0.0	0.0	0.0	0.0	0.0	0.0	0.0	0.0	0.0	0.0	0.0	0.0	0.0	0.0	0.0	0.0	0.0	0.0	0.0	0.0	0.0	0.0	0.0	0.0	0.0	0.0	0.0	0.0	0.0	0.0	0.0	0.0	0.0	0.0	0.0	0.0	0.0	0.0	0.0	0.0	0.0	0.0	0.0	0.0	0.0	0.0	0.0	0.0	0.0	0.0	0.0	0.0	0.0	
mean=0.0
p=0.12000000000000002
0.0	0.7	0.0	0.0	0.0	0.0	0.0	0.0	0.0	0.0	0.0	0.0	0.0	0.0	0.0	0.0	0.0	0.0	0.0	0.0	0.0	0.0	0.0	0.0	0.0	0.0	0.0	0.65	0.0	0.0	0.0	0.0	0.0	0.0	0.0	0.0	0.0	0.0	0.0	0.0	0.0	0.0	0.0	0.0	0.0	0.0	0.0	0.0	0.0	0.0	0.0	0.0	0.0	0.0	0.0	0.0	0.0	0.0	0.0	0.0	0.0	0.6	0.0	0.0	0.0	0.0	0.0	0.0	0.0	0.0	0.0	0.0	0.0	0.0	0.0	0.0	0.0	0.0	0.0	0.0	0.0	0.0	0.0	0.0	0.0	0.0	0.0	0.0	0.0	0.0	0.0	0.0	0.0	0.0	0.0	0.0	0.0	0.0	0.0	0.0	0.0	0.0	0.0	0.0	0.0	0.0	0.0	0.0	0.0	0.0	0.0	0.0	0.0	0.0	0.0	0.0	0.0	0.0	0.0	0.0	0.0	0.0	0.0	0.0	0.0	0.0	0.0	0.0	
mean=0.015234375000000001
p=0.13000000000000003
0.0	0.0	0.0	0.0	0.0	0.0	0.0	0.0	0.0	0.0	0.0	0.0	0.0	0.0	0.0	0.0	0.0	0.0	0.0	0.0	0.0	0.0	0.0	0.15	0.0	0.0	0.0	0.0	0.0	0.0	0.0	0.0	0.0	0.0	0.0	0.0	0.0	0.0	0.0	0.0	0.55	0.0	0.0	0.0	0.0	0.0	0.0	0.0	0.0	0.0	0.0	0.0	0.0	0.0	0.0	0.0	0.0	0.0	0.0	0.0	0.0	0.0	0.0	0.0	0.0	0.0	0.0	0.0	0.0	0.0	0.0	0.0	0.0	0.0	0.0	0.0	0.0	0.0	0.0	0.0	0.0	0.0	0.0	0.0	0.75	0.0	0.0	0.0	0.5	0.0	0.0	0.0	0.8	0.0	0.0	0.0	0.0	0.5	0.0	0.2	0.0	0.0	0.0	0.0	0.0	0.0	0.5	0.0	0.0	0.25	0.0	0.0	0.0	0.0	0.0	0.0	0.0	0.0	0.0	0.0	0.0	0.0	0.0	0.0	0.0	0.0	0.0	0.0	
mean=0.0328125
p=0.14000000000000004
0.0	0.0	0.0	0.0	0.0	0.0	0.0	0.0	0.0	0.0	0.0	0.0	0.0	0.0	0.0	0.0	0.0	0.0	0.0	0.4	0.0	0.0	0.0	0.0	0.0	0.0	0.0	0.0	0.0	0.0	0.0	0.65	0.0	0.0	0.0	0.0	0.0	0.0	0.0	0.0	0.0	0.0	0.0	0.0	0.0	0.0	0.0	0.0	0.0	0.0	0.0	0.0	0.0	0.0	0.0	0.0	0.0	0.0	0.0	0.0	0.0	0.0	0.0	0.0	0.0	0.0	0.0	0.0	0.0	0.0	0.0	0.15	0.0	0.0	0.0	0.0	0.35	0.0	0.0	0.0	0.0	0.0	0.0	0.0	0.0	0.0	0.0	0.0	0.0	0.0	0.0	0.0	0.0	0.0	0.0	0.0	0.0	0.0	0.0	0.0	0.0	0.0	0.6	0.0	0.0	0.0	0.0	0.0	0.0	0.0	0.0	0.0	0.0	0.0	0.35	0.0	0.0	0.0	0.0	0.0	0.0	0.0	0.6	0.0	0.0	0.0	0.0	0.0	
mean=0.02421875
p=0.15000000000000005
0.15	0.0	0.0	0.6	0.0	0.45	0.0	0.0	0.0	0.0	0.0	0.75	0.0	0.0	0.0	0.0	0.0	0.85	0.0	0.0	0.0	0.0	0.0	0.6	0.0	0.0	0.0	0.0	0.0	0.0	0.55	0.0	0.0	0.55	0.45	0.7	0.0	0.0	0.0	0.6	0.0	0.0	0.4	0.0	0.25	0.0	0.0	0.0	0.0	0.0	0.85	0.3	0.0	0.0	0.7	0.0	0.0	0.0	0.0	0.55	0.7	0.4	0.0	0.0	0.0	0.3	0.0	0.0	0.0	0.0	0.0	0.0	0.0	0.0	0.5	0.55	0.0	0.0	0.0	0.7	0.0	0.0	0.35	0.0	0.4	0.0	0.0	0.0	0.0	0.85	0.0	0.0	0.0	0.0	0.65	0.0	0.0	0.0	0.25	0.0	0.0	0.0	0.0	0.0	0.0	0.0	0.0	0.0	0.0	0.0	0.0	0.0	0.0	0.0	0.65	0.0	0.0	0.45	0.0	0.5	0.5	0.0	0.0	0.0	0.0	0.0	0.0	0.0	
mean=0.133203125
p=0.16000000000000006
0.0	0.0	0.45	0.0	0.0	0.0	0.0	0.0	0.0	0.65	0.0	0.0	0.0	0.0	0.8	0.0	0.7	0.55	0.0	0.0	0.0	0.65	0.65	0.0	0.5	0.0	0.0	0.0	0.0	0.0	0.0	0.0	0.75	0.0	0.0	0.0	0.0	0.0	0.0	0.85	0.0	0.15	0.0	0.0	0.0	0.0	0.0	0.0	0.0	0.85	0.0	0.0	0.0	0.0	0.6	0.75	0.0	0.0	0.55	0.0	0.0	0.0	0.6	0.0	0.0	0.85	0.65	0.7	0.0	0.0	0.0	0.0	0.0	0.6	0.0	0.0	0.7	0.0	0.0	0.65	0.0	0.0	0.0	0.45	0.0	0.0	0.0	0.0	0.7	0.0	0.0	0.0	0.0	0.0	0.75	0.0	0.9	0.95	0.65	0.0	0.0	0.0	0.0	0.0	0.0	0.0	0.0	0.0	0.75	0.85	0.0	0.9	0.0	0.0	0.0	0.6	0.9	0.0	0.0	0.0	0.4	0.0	0.0	0.65	0.0	0.8	0.6	0.0	
mean=0.19570312499999995
p=0.17000000000000007
0.0	0.0	0.0	0.35	0.7	0.0	0.55	0.7	0.35	0.0	0.75	0.0	0.75	0.75	0.7	0.0	0.0	0.85	0.65	0.6	0.55	0.0	0.45	0.0	0.0	0.0	0.4	0.0	0.95	0.0	0.0	0.0	0.0	0.0	0.9	0.0	0.75	0.0	0.0	0.0	0.0	0.0	0.0	0.8	0.3	0.0	0.35	0.85	0.6	0.55	0.0	0.0	0.0	0.0	0.7	0.95	0.0	0.0	0.0	0.7	0.0	0.9	0.0	0.8	0.7	0.0	0.85	0.7	0.5	0.0	0.0	0.75	0.0	0.0	0.0	0.75	0.0	0.0	0.0	0.0	0.7	0.85	0.0	0.0	0.0	0.0	0.0	0.7	0.15	0.55	0.0	0.85	0.25	0.8	0.0	0.85	0.0	0.0	0.7	0.0	0.0	0.7	0.0	0.6	0.75	0.8	0.0	0.0	0.9	0.65	0.7	0.45	0.6	0.0	0.7	0.0	0.0	0.0	0.0	0.0	0.4	0.4	0.65	0.8	0.5	0.6	0.85	0.8	
mean=0.32578125
p=0.18000000000000008
0.9	0.5	0.85	0.0	0.0	0.65	0.45	0.85	0.7	0.55	0.7	0.85	0.0	0.0	0.8	0.45	0.8	0.75	0.0	0.0	0.0	0.0	0.6	0.0	0.6	0.8	0.0	0.7	0.35	0.85	0.0	0.5	0.8	0.0	0.0	0.75	0.8	0.0	0.75	0.0	0.7	0.65	0.5	0.6	0.35	0.9	0.0	0.8	0.0	0.0	0.95	0.0	0.5	0.65	0.0	0.6	0.0	0.65	0.0	0.8	0.65	0.9	0.0	0.0	0.0	0.0	0.6	0.75	0.6	0.0	0.0	0.7	0.0	0.9	0.8	0.95	0.9	0.75	0.75	0.3	0.6	0.8	0.0	0.8	0.15	0.0	0.55	0.7	0.2	0.0	0.0	0.35	0.85	0.7	0.95	0.9	0.85	0.0	0.0	1.0	0.0	0.95	0.55	0.75	0.7	0.85	0.0	0.0	0.0	0.0	0.5	0.0	0.0	0.0	0.0	0.95	0.0	0.0	0.5	0.8	0.8	0.0	0.65	0.0	0.6	0.6	0.9	0.0	
mean=0.4296875
p=0.19000000000000009
0.65	0.75	0.7	0.85	0.65	0.75	0.0	0.0	0.75	0.8	0.0	0.0	0.0	0.0	0.6	0.7	0.8	0.8	0.8	0.65	0.0	0.9	0.9	0.8	0.75	0.0	0.8	0.25	0.9	0.9	0.6	0.65	0.8	1.0	0.0	0.65	0.6	0.9	0.8	0.8	0.0	0.75	0.0	0.0	0.0	0.2	0.0	0.95	0.0	0.0	0.8	0.55	0.0	0.0	0.0	0.95	0.6	0.0	0.95	0.0	0.7	0.15	0.7	0.5	0.65	0.75	0.0	0.0	0.45	0.0	0.8	0.0	0.9	0.8	0.7	0.7	0.7	0.9	0.55	0.6	0.0	0.8	0.85	0.85	0.0	0.0	0.8	0.75	0.8	0.75	0.0	0.75	0.0	0.0	0.7	0.0	0.7	0.7	0.95	0.7	0.75	0.3	0.7	0.9	0.0	0.0	0.0	0.0	0.75	0.7	0.85	0.2	0.9	0.2	0.35	0.7	0.6	0.75	0.0	0.85	0.0	0.5	0.75	0.6	0.85	0.5	0.6	0.0	
mean=0.49179687500000024
p=0.2000000000000001
0.85	0.0	0.8	0.95	0.9	0.75	0.85	0.95	0.85	0.85	0.0	0.8	0.65	0.0	1.0	0.75	0.75	0.0	0.7	1.0	0.85	0.8	0.7	0.75	0.95	0.8	0.9	0.85	0.9	0.65	0.0	0.55	0.95	0.9	0.65	0.6	0.6	0.85	0.75	0.9	0.85	0.9	0.6	0.85	0.9	1.0	0.55	0.6	0.9	0.7	0.0	0.25	0.65	0.9	0.75	0.55	0.9	0.5	0.95	0.0	0.7	0.6	1.0	0.7	0.6	0.7	0.95	0.85	0.9	0.8	0.8	0.0	0.0	0.9	0.85	0.75	0.55	0.75	0.8	0.9	0.75	0.75	0.4	0.95	0.45	0.85	0.85	0.6	0.75	1.0	0.55	0.0	0.85	0.7	0.95	0.95	0.8	0.9	0.7	0.6	0.7	0.8	0.9	0.9	0.0	0.75	0.55	0.6	0.85	0.9	0.95	0.45	0.85	0.9	0.75	0.95	0.95	0.95	0.9	0.8	0.8	0.85	0.6	0.8	0.9	0.0	0.8	0.85	
mean=0.7113281250000001
p=0.2100000000000001
0.75	0.8	0.85	0.8	0.75	0.75	0.95	0.8	0.0	1.0	0.9	0.9	0.95	0.15	0.95	0.85	0.8	0.95	0.15	0.9	0.95	0.85	0.55	0.75	0.95	0.6	0.9	0.75	0.6	0.8	0.75	0.9	0.85	0.65	0.9	0.9	0.8	0.45	0.85	0.9	0.8	0.85	0.7	0.0	0.75	0.95	0.95	0.9	0.85	0.95	0.0	0.55	0.95	0.95	0.65	0.95	0.6	0.65	0.85	0.8	0.0	0.95	0.95	0.9	0.8	0.65	0.9	0.9	0.85	0.85	0.65	0.85	0.7	0.7	0.85	0.95	0.6	0.35	0.85	0.8	0.9	0.65	0.95	0.95	0.9	0.9	0.75	0.9	0.0	0.9	0.7	0.0	0.5	0.7	0.8	0.75	0.75	0.9	0.9	0.9	0.85	0.95	0.5	0.95	0.95	0.95	0.0	0.85	0.75	0.9	0.65	0.0	0.55	0.95	0.85	0.6	0.95	0.9	0.55	1.0	0.65	0.9	0.8	0.75	0.9	0.9	0.9	1.0	
mean=0.7535156250000008
p=0.2200000000000001
0.0	1.0	0.85	0.9	0.7	1.0	0.95	0.95	0.0	0.85	0.85	0.8	0.95	0.95	0.9	0.85	0.95	0.7	0.95	0.9	0.7	0.85	0.85	0.95	1.0	0.95	0.95	0.7	0.6	1.0	0.9	0.85	0.0	0.75	1.0	0.9	1.0	0.5	0.0	0.95	0.95	0.95	1.0	0.65	0.95	0.8	0.8	0.95	0.65	0.95	0.75	0.0	1.0	0.85	0.0	0.9	0.8	0.85	0.95	0.9	1.0	1.0	1.0	0.9	0.75	0.9	0.9	0.95	0.45	0.9	0.85	0.8	0.9	0.0	0.8	0.95	0.9	0.85	0.9	1.0	0.95	1.0	0.85	0.9	1.0	0.3	0.85	0.7	0.85	0.85	0.8	0.8	0.75	1.0	1.0	0.95	1.0	0.7	0.75	1.0	0.95	0.95	0.95	0.65	0.8	0.8	0.75	0.55	0.9	0.95	1.0	0.9	0.95	0.75	0.9	0.9	0.8	1.0	0.95	0.85	0.95	1.0	0.85	0.8	0.9	0.8	0.75	0.6	
mean=0.817578125
p=0.23000000000000012
0.95	0.8	1.0	0.65	0.95	0.85	0.9	0.95	0.95	0.85	0.85	0.9	1.0	0.95	0.9	0.85	1.0	0.95	0.0	0.0	0.9	0.55	0.95	0.65	0.6	0.8	0.95	0.9	0.9	0.9	0.6	0.95	0.95	0.55	0.95	0.9	0.9	0.85	0.95	0.95	0.9	0.7	1.0	0.8	0.85	0.8	0.75	0.7	0.9	0.75	0.65	0.9	1.0	0.8	0.95	0.9	0.9	0.95	0.9	1.0	0.85	0.9	0.9	1.0	0.95	0.6	0.75	0.95	0.9	0.95	0.95	0.9	1.0	0.6	0.95	0.9	1.0	0.95	1.0	0.9	0.95	0.95	0.75	0.35	0.9	0.65	0.95	0.8	0.9	0.75	0.75	1.0	1.0	0.95	0.75	0.55	0.95	0.8	0.9	1.0	0.95	0.95	0.65	0.85	0.85	0.9	1.0	1.0	0.7	0.0	1.0	0.95	0.9	0.75	0.7	0.8	0.95	0.8	0.9	0.85	0.95	0.75	0.55	0.85	0.95	1.0	0.9	0.85	
mean=0.8417968750000003
p=0.24000000000000013
0.95	0.0	0.95	0.85	0.95	0.95	0.95	1.0	0.95	0.95	0.9	0.95	1.0	0.95	0.9	1.0	0.95	0.9	0.95	1.0	0.9	0.95	0.8	0.95	1.0	0.95	0.9	0.9	0.9	1.0	0.9	0.95	0.5	0.95	0.95	0.0	0.9	1.0	0.85	0.95	1.0	0.95	0.95	0.7	0.9	1.0	0.95	1.0	0.45	0.85	1.0	0.8	0.95	0.9	1.0	0.9	0.7	0.95	0.95	0.9	0.95	0.45	1.0	0.75	0.85	1.0	0.95	0.8	0.95	0.8	0.85	1.0	0.9	0.8	0.85	0.85	0.95	0.75	1.0	0.9	0.65	0.85	0.9	0.8	1.0	0.85	0.9	0.8	1.0	1.0	0.95	0.7	0.95	0.9	0.95	0.95	1.0	0.9	1.0	0.95	0.9	1.0	0.9	1.0	0.5	0.85	0.65	0.9	0.95	0.85	0.9	0.9	0.8	0.85	0.95	0.95	1.0	0.9	0.95	1.0	1.0	0.9	1.0	1.0	0.8	0.95	0.7	0.8	
mean=0.8843750000000006
p=0.25000000000000017
0.95	0.85	0.85	0.85	0.85	0.9	1.0	0.95	1.0	1.0	0.9	0.75	1.0	0.9	0.9	1.0	1.0	0.9	0.8	1.0	0.9	0.85	1.0	0.95	1.0	1.0	0.9	1.0	0.85	0.95	0.95	1.0	0.85	1.0	1.0	0.95	1.0	0.75	0.95	0.9	0.8	0.9	1.0	0.95	1.0	0.8	0.7	0.95	0.9	0.9	0.95	0.9	0.95	1.0	0.95	0.95	1.0	0.95	1.0	1.0	1.0	0.85	1.0	0.95	0.95	0.8	1.0	0.95	0.9	0.85	0.9	1.0	0.95	0.7	1.0	0.9	0.85	0.75	0.9	0.9	0.85	0.9	0.9	0.95	0.85	0.9	0.95	0.95	0.9	0.95	0.5	0.95	0.9	0.95	0.95	0.95	0.95	0.95	1.0	0.95	1.0	1.0	0.95	1.0	0.95	1.0	1.0	0.0	0.95	0.65	0.95	0.85	1.0	1.0	1.0	1.0	1.0	0.9	0.95	0.9	0.85	1.0	0.7	0.95	0.95	1.0	0.95	1.0	
mean=0.916796875000001
p=0.2600000000000002
0.95	1.0	0.9	0.65	1.0	0.85	0.85	0.9	0.85	1.0	0.85	0.95	0.9	0.95	0.9	0.95	1.0	0.9	1.0	0.95	0.95	1.0	0.85	0.85	1.0	0.9	0.9	0.9	0.95	0.95	0.95	1.0	0.95	1.0	0.9	1.0	0.9	1.0	0.95	0.9	0.95	0.8	0.95	0.9	1.0	0.95	1.0	0.9	0.9	0.9	0.9	1.0	0.8	0.95	1.0	0.95	0.9	0.95	1.0	0.95	0.95	0.8	1.0	0.95	0.95	0.85	1.0	0.95	0.95	1.0	1.0	0.85	0.95	0.95	1.0	0.8	1.0	1.0	1.0	1.0	0.95	1.0	0.9	0.95	0.9	0.85	0.85	0.9	1.0	1.0	0.95	0.9	0.95	0.95	0.85	0.95	0.95	0.95	0.8	0.95	1.0	0.9	1.0	1.0	0.95	0.95	0.95	0.95	0.9	1.0	0.95	1.0	0.95	1.0	0.95	1.0	0.65	0.9	0.95	0.95	0.95	1.0	0.85	0.95	0.9	0.95	0.95	0.95	
mean=0.9343750000000007
p=0.2700000000000002
0.75	1.0	1.0	0.9	1.0	0.75	1.0	1.0	1.0	1.0	1.0	0.95	0.9	1.0	1.0	0.85	1.0	0.95	0.95	0.95	0.95	0.95	0.95	1.0	1.0	0.95	0.9	0.95	0.95	0.9	1.0	0.95	0.95	0.95	0.9	0.85	0.95	1.0	0.95	0.95	0.95	0.95	0.9	0.85	0.7	0.9	0.95	0.9	0.95	1.0	1.0	1.0	0.9	0.95	0.9	1.0	1.0	1.0	0.95	0.95	0.9	1.0	1.0	0.95	1.0	0.95	1.0	1.0	0.95	1.0	0.95	0.95	0.9	1.0	0.95	1.0	1.0	1.0	1.0	1.0	0.95	1.0	1.0	1.0	0.95	0.7	1.0	0.95	1.0	0.85	0.85	0.9	0.95	0.95	1.0	0.9	1.0	0.95	0.9	1.0	0.85	1.0	0.95	0.95	1.0	0.95	0.7	1.0	0.95	0.85	1.0	1.0	0.9	0.95	1.0	1.0	0.95	0.95	0.95	0.95	1.0	1.0	0.9	0.9	0.9	0.95	1.0	0.95	
mean=0.9480468750000008
p=0.2800000000000002
1.0	1.0	1.0	0.95	1.0	1.0	1.0	0.95	1.0	0.95	0.8	1.0	1.0	0.95	1.0	1.0	0.9	0.95	1.0	0.95	0.95	1.0	0.75	1.0	1.0	1.0	1.0	0.95	0.9	1.0	1.0	1.0	1.0	1.0	1.0	1.0	0.9	0.9	1.0	0.95	1.0	0.95	0.9	0.85	0.95	1.0	1.0	0.95	0.95	0.9	1.0	0.95	1.0	0.95	1.0	0.9	0.95	1.0	0.95	1.0	1.0	1.0	1.0	0.95	1.0	1.0	1.0	0.95	0.9	0.95	1.0	1.0	0.95	0.95	0.95	1.0	0.9	1.0	1.0	0.95	1.0	0.85	0.95	0.95	0.95	0.95	1.0	0.95	1.0	0.9	0.95	1.0	1.0	0.95	0.9	0.9	1.0	0.95	0.95	0.95	1.0	0.9	0.9	0.8	0.95	0.9	0.95	0.95	1.0	1.0	0.9	1.0	1.0	0.9	1.0	0.95	1.0	1.0	1.0	0.9	0.95	0.95	1.0	1.0	0.95	1.0	1.0	1.0	
mean=0.962500000000001
