p=0.2
0.0	0.0	0.0	0.0	0.0	0.0	0.0	0.0	0.0	0.0	0.0	0.0	0.0	0.0	0.0	0.0	0.0	0.0	0.0	0.0	0.0	0.0	0.0	0.0	0.0	0.0	0.0	0.0	0.0	0.0	0.0	0.0	0.0	0.0	0.0	0.0	0.0	0.0	0.0	0.0	0.0	0.0	0.0	0.0	0.0	0.0	0.0	0.0	0.0	0.0	0.0	0.0	0.0	0.0	0.0	0.0	0.0	0.0	0.0	0.0	0.0	0.0	0.0	0.0	0.0	0.0	0.0	0.0	0.0	0.0	0.0	0.0	0.0	0.0	0.0	0.0	0.0	0.0	0.0	0.0	0.0	0.0	0.0	0.0	0.0	0.0	0.0	0.0	0.0	0.0	0.0	0.0	0.0	0.0	0.0	0.0	0.0	0.0	0.0	0.0	0.0	0.0	0.0	0.0	0.0	0.0	0.0	0.0	0.0	0.0	0.0	0.0	0.0	0.0	0.0	0.0	0.0	0.0	0.0	0.0	0.0	0.0	0.0	0.0	0.0	0.0	0.0	0.0	
mean=0.0
p=0.22000000000000003
0.0	0.0	0.0	0.0	0.0	0.0	0.0	0.0	0.0	0.0	0.0	0.0	0.0	0.0	0.0	0.0	0.0	0.0	0.0	0.0	0.0	0.0	0.0	0.0	0.0	0.0	0.0	0.0	0.0	0.0	0.0	0.0	0.0	0.0	0.0	0.0	0.0	0.0	0.0	0.0	0.0	0.0	0.0	0.0	0.0	0.0	0.0	0.0	0.0	0.0	0.0	0.0	0.0	0.0	0.0	0.0	0.0	0.0	0.0	0.0	0.0	0.0	0.0	0.0	0.0	0.0	0.0	0.0	0.0	0.0	0.0	0.0	0.0	0.0	0.0	0.0	0.0	0.0	0.0	0.0	0.0	0.0	0.0	0.0	0.0	0.0	0.0	0.0	0.0	0.0	0.0	0.0	0.0	0.0	0.0	0.0	0.0	0.0	0.0	0.0	0.0	0.0	0.0	0.0	0.0	0.0	0.0	0.0	0.0	0.0	0.0	0.0	0.0	0.0	0.0	0.0	0.0	0.0	0.0	0.0	0.0	0.0	0.0	0.0	0.0	0.0	0.0	0.0	
mean=0.0
p=0.24000000000000005
0.0	0.0	0.0	0.0	0.0	0.0	0.0	0.0	0.0	0.0	0.0	0.0	0.0	0.0	0.0	0.0	0.0	0.0	0.0	0.0	0.0	0.0	0.0	0.0	0.0	0.0	0.0	0.0	0.0	0.0	0.0	0.0	0.0	0.0	0.0	0.0	0.0	0.0	0.0	0.0	0.0	0.0	0.0	0.0	0.0	0.0	0.0	0.0	0.0	0.0	0.0	0.0	0.0	0.0	0.0	0.0	0.0	0.0	0.0	0.0	0.0	0.0	0.0	0.0	0.0	0.0	0.0	0.0	0.0	0.0	0.0	0.0	0.0	0.0	0.0	0.0	0.0	0.0	0.0	0.0	0.0	0.0	0.0	0.0	0.0	0.0	0.0	0.0	0.0	0.0	0.0	0.0	0.0	0.0	0.0	0.0	0.0	0.0	0.0	0.0	0.0	0.0	0.0	0.0	0.0	0.0	0.0	0.0	0.0	0.0	0.0	0.0	0.0	0.0	0.0	0.0	0.0	0.0	0.0	0.0	0.0	0.0	0.0	0.0	0.0	0.0	0.0	0.0	
mean=0.0
p=0.26000000000000006
0.0	0.0	0.0	0.0	0.0	0.0	0.0	0.0	0.0	0.0	0.0	0.0	0.0	0.0	0.0	0.0	0.0	0.0	0.0	0.0	0.0	0.0	0.0	0.0	0.0	0.0	0.0	0.0	0.0	0.0	0.0	0.0	0.0	0.0	0.0	0.0	0.0	0.0	0.0	0.0	0.0	0.0	0.0	0.0	0.0	0.0	0.0	0.0	0.0	0.0	0.0	0.0	0.0	0.0	0.0	0.0	0.0	0.0	0.0	0.0	0.0	0.0	0.0	0.0	0.0	0.0	0.0	0.0	0.0	0.0	0.0	0.0	0.0	0.0	0.0	0.0	0.0	0.0	0.0	0.0	0.0	0.0	0.0	0.0	0.0	0.0	0.0	0.0	0.0	0.0	0.0	0.0	0.0	0.0	0.0	0.0	0.0	0.0	0.0	0.0	0.0	0.0	0.0	0.0	0.0	0.0	0.0	0.0	0.0	0.0	0.0	0.0	0.0	0.0	0.0	0.0	0.0	0.0	0.0	0.0	0.0	0.0	0.0	0.0	0.0	0.0	0.0	0.0	
mean=0.0
p=0.2800000000000001
0.0	0.0	0.0	0.0	0.0	0.0	0.0	0.0	0.0	0.0	0.0	0.0	0.0	0.0	0.0	0.0	0.0	0.0	0.0	0.0	0.0	0.0	0.0	0.0	0.0	0.0	0.0	0.0	0.0	0.0	0.0	0.0	0.0	0.0	0.0	0.0	0.0	0.0	0.0	0.0	0.0	0.0	0.0	0.0	0.0	0.0	0.0	0.0	0.0	0.0	0.0	0.85	0.0	0.0	0.0	0.0	0.0	0.0	0.0	0.0	0.0	0.0	0.0	0.0	0.0	0.0	0.85	0.0	0.0	0.75	0.0	0.0	0.0	0.0	0.0	0.0	0.6	0.0	0.0	0.0	0.0	0.0	0.0	0.0	0.0	0.0	0.0	0.0	0.0	0.0	0.0	0.0	0.0	0.0	0.0	0.0	0.0	0.0	0.0	0.9	0.0	0.0	0.0	0.0	0.0	0.0	0.0	0.0	0.0	0.0	0.0	0.0	0.0	0.0	0.0	0.0	0.0	0.0	0.0	0.0	0.0	0.8	0.0	0.0	0.0	0.0	0.0	0.0	
mean=0.037109375
p=0.3000000000000001
0.0	0.0	0.0	0.0	0.0	0.0	0.85	0.0	0.0	0.0	0.0	0.0	0.0	0.0	0.0	0.95	0.0	0.0	0.0	0.0	0.7	0.0	0.9	0.0	0.0	0.0	0.0	0.0	0.0	0.95	0.0	0.0	0.0	0.0	0.65	0.0	0.0	0.95	0.0	0.0	0.85	0.9	0.8	0.0	0.0	0.0	0.95	0.0	0.0	0.0	0.0	0.0	0.0	0.0	0.0	0.0	0.0	0.0	0.0	0.0	0.0	0.0	0.0	0.0	0.0	0.0	0.0	0.0	0.0	0.0	0.0	0.0	0.0	0.0	0.0	0.0	0.0	0.0	0.0	0.0	0.95	0.0	0.0	0.0	0.95	0.0	0.8	0.0	0.0	0.0	0.0	0.0	0.0	0.0	0.0	0.0	0.0	0.85	0.75	0.0	0.0	0.0	0.0	0.0	0.0	0.0	0.0	0.75	0.0	0.0	0.0	0.0	0.0	0.0	0.0	0.0	0.0	0.95	0.0	0.85	0.0	0.0	0.0	0.0	0.0	0.7	0.0	0.0	
mean=0.13281249999999997
p=0.3200000000000001
0.0	0.0	0.0	0.9	0.0	0.0	0.0	0.9	0.0	0.85	0.0	0.0	0.0	0.85	0.0	0.0	0.0	0.0	0.6	0.0	0.0	0.0	0.0	0.95	0.0	0.85	0.0	1.0	0.0	0.95	0.0	0.0	0.0	0.0	0.0	0.0	0.65	0.0	0.85	0.0	1.0	0.8	0.7	0.95	0.0	0.0	0.0	0.0	0.9	0.0	0.0	0.0	0.0	0.0	0.0	0.0	0.0	0.9	0.0	0.85	0.0	0.0	0.0	0.0	0.0	0.85	0.95	0.0	0.0	0.0	0.8	0.0	0.0	0.0	0.0	0.8	0.0	0.0	0.85	0.0	0.0	0.0	0.0	0.0	0.4	0.0	0.9	0.0	0.0	0.95	0.6	0.0	0.85	0.75	0.0	0.0	0.0	0.0	0.0	0.0	0.0	0.0	0.0	0.6	0.0	0.0	0.0	0.7	0.65	0.0	0.85	0.9	0.0	0.0	0.75	0.0	0.0	0.0	0.95	0.0	0.85	0.0	0.0	0.0	0.0	0.8	0.0	0.9	
mean=0.25078125
p=0.34000000000000014
0.75	0.9	1.0	0.0	0.85	0.95	0.0	0.95	0.0	0.0	0.85	0.85	0.9	0.0	0.0	0.0	0.0	0.0	0.0	0.0	0.95	0.0	0.9	0.95	0.0	0.0	0.9	0.0	0.0	0.0	0.9	0.75	0.7	0.95	1.0	0.9	0.0	0.0	0.0	1.0	0.85	0.0	0.7	0.0	0.0	0.85	0.95	0.0	0.0	0.95	0.0	1.0	0.0	0.85	0.85	0.75	0.7	0.95	0.0	0.0	0.0	0.0	0.95	0.0	0.95	0.6	0.95	1.0	0.0	0.9	0.8	0.0	0.0	0.95	0.8	1.0	0.0	0.8	0.0	0.85	0.0	0.0	0.0	0.85	0.0	0.85	0.95	0.95	0.0	0.95	0.7	0.0	0.7	0.0	0.9	0.95	0.95	0.9	0.85	0.0	0.0	1.0	0.8	0.0	0.85	0.85	0.95	0.8	0.0	0.75	0.0	0.85	0.95	0.85	0.0	0.9	1.0	0.9	0.95	0.85	0.8	0.0	0.95	0.0	0.9	1.0	0.9	0.0	
mean=0.5167968750000003
p=0.36000000000000015
0.0	0.0	0.85	0.95	0.95	0.75	0.85	0.9	1.0	0.95	1.0	0.9	0.0	0.0	1.0	0.0	0.95	0.9	1.0	0.0	0.0	0.0	0.75	1.0	0.0	0.9	0.9	0.95	0.0	0.6	0.9	0.9	0.9	0.9	0.75	0.8	0.75	1.0	0.95	0.95	0.7	0.9	0.0	0.7	1.0	0.7	1.0	0.75	0.0	1.0	0.95	1.0	0.0	0.0	0.85	0.9	1.0	0.9	0.0	0.0	0.95	0.0	0.9	0.9	0.85	0.9	0.8	0.0	1.0	0.6	1.0	0.95	0.75	0.85	0.95	0.95	0.95	0.5	1.0	0.0	1.0	0.95	0.0	0.85	0.0	0.0	0.95	0.9	0.0	0.85	0.9	0.0	0.95	0.0	0.95	0.95	0.0	0.8	0.75	0.85	0.95	0.0	0.0	0.9	1.0	0.95	0.9	0.0	0.85	1.0	0.95	0.85	0.95	0.0	0.95	0.9	0.0	0.95	1.0	0.95	0.8	0.9	0.65	0.9	0.95	0.7	0.6	0.0	
mean=0.6656250000000005
p=0.38000000000000017
1.0	1.0	1.0	1.0	1.0	0.9	0.75	0.0	0.0	0.95	1.0	1.0	0.85	0.95	0.0	1.0	0.95	0.0	0.0	0.0	0.9	0.9	0.85	0.75	0.0	1.0	1.0	0.95	0.0	0.9	0.95	0.85	0.0	0.8	0.9	0.75	0.95	0.95	0.8	0.65	0.95	0.95	0.8	1.0	1.0	0.95	0.95	0.9	0.0	1.0	0.95	1.0	0.95	0.7	0.95	1.0	0.85	1.0	0.95	0.95	0.95	0.95	0.95	0.8	0.0	1.0	1.0	1.0	0.75	1.0	0.85	1.0	1.0	0.95	0.85	1.0	1.0	1.0	0.9	0.75	0.95	0.95	1.0	0.9	0.7	0.8	0.8	0.75	0.65	0.9	0.95	0.7	0.75	0.85	0.9	0.75	0.95	0.8	0.85	0.95	0.0	0.95	0.95	1.0	1.0	0.95	1.0	0.95	0.95	0.85	0.9	0.95	0.7	1.0	0.85	0.85	0.8	0.95	0.95	0.85	1.0	0.6	0.7	0.85	0.95	0.95	0.0	0.95	
mean=0.8121093750000004
p=0.4000000000000002
0.9	0.95	1.0	0.75	1.0	0.95	0.95	1.0	1.0	0.85	0.85	1.0	0.95	1.0	0.0	1.0	1.0	0.95	0.9	1.0	0.95	1.0	0.85	1.0	1.0	0.0	0.95	1.0	0.95	0.95	1.0	0.85	0.95	1.0	1.0	0.9	0.8	0.85	1.0	0.75	0.9	1.0	0.9	0.9	1.0	0.0	1.0	1.0	1.0	1.0	0.95	0.95	0.95	0.7	1.0	1.0	1.0	1.0	0.9	1.0	0.95	1.0	0.85	0.9	0.95	0.95	1.0	0.95	0.95	0.95	0.9	0.95	1.0	1.0	0.9	0.95	1.0	1.0	0.95	1.0	1.0	0.95	1.0	0.0	0.95	1.0	0.95	0.9	1.0	0.9	1.0	1.0	0.95	0.95	0.85	0.9	0.95	1.0	0.9	0.8	0.9	0.95	0.95	1.0	1.0	0.95	0.85	0.65	0.95	1.0	1.0	0.95	0.95	1.0	0.95	0.95	0.95	0.95	0.7	1.0	0.95	0.9	0.95	0.8	0.0	1.0	0.9	0.95	
mean=0.9062500000000009
p=0.4200000000000002
0.85	1.0	1.0	0.95	1.0	1.0	0.9	0.95	1.0	0.95	0.95	0.9	0.85	1.0	1.0	0.9	1.0	1.0	0.8	1.0	0.95	0.95	1.0	1.0	0.95	1.0	0.95	0.95	0.9	1.0	1.0	0.95	1.0	0.95	1.0	1.0	0.8	0.95	0.95	1.0	0.9	1.0	1.0	1.0	1.0	0.95	1.0	1.0	1.0	1.0	1.0	1.0	0.9	0.85	0.95	0.9	0.9	1.0	0.9	0.95	1.0	1.0	1.0	1.0	0.9	0.85	1.0	1.0	0.95	0.7	0.95	1.0	0.65	0.8	0.9	0.65	0.85	1.0	0.95	1.0	1.0	1.0	1.0	1.0	0.9	0.9	0.9	1.0	1.0	0.9	1.0	1.0	1.0	1.0	1.0	1.0	0.9	0.85	1.0	1.0	0.95	0.95	0.95	1.0	0.95	0.9	0.95	1.0	1.0	1.0	0.9	1.0	1.0	0.95	1.0	0.95	1.0	0.95	1.0	0.95	1.0	0.95	1.0	1.0	0.95	1.0	1.0	1.0	
mean=0.9546875000000007
