p=0.072
0.0	0.0	0.0	0.0	0.0	0.0	0.0	0.0	0.0	0.0	0.0	0.0	0.0	0.0	0.0	0.0	0.0	0.0	0.0	0.0	0.0	0.0	0.0	0.0	0.0	0.0	0.0	0.0	0.0	0.0	0.0	0.0	0.0	0.0	0.0	0.0	0.0	0.0	0.0	0.0	0.0	0.0	0.0	0.0	0.0	0.0	0.0	0.0	0.0	0.0	0.0	0.0	0.0	0.0	0.0	0.0	0.0	0.0	0.0	0.0	0.0	0.0	0.0	0.0	
mean=0.0
p=0.078
0.0	0.0	0.0	0.0	0.0	0.0	0.0	0.0	0.0	0.0	0.0	0.0	0.0	0.0	0.0	0.0	0.0	0.0	0.0	0.0	0.0	0.0	0.0	0.0	0.0	0.0	0.0	0.0	0.0	0.0	0.0	0.0	0.0	0.0	0.0	0.0	0.0	0.0	0.0	0.0	0.0	0.0	0.0	0.0	0.0	0.0	0.0	0.0	0.0	0.0	0.0	0.0	0.0	0.0	0.0	0.0	0.0	0.0	0.0	0.0	0.0	0.0	0.0	0.0	
mean=0.0
p=0.084
0.0	0.0	0.0	0.0	0.0	0.0	0.0	0.0	0.0	0.0	0.0	0.0	0.0	0.0	0.0	0.0	0.0	0.0	0.0	0.0	0.0	0.0	0.0	0.0	0.0	0.0	0.0	0.0	0.0	0.0	0.0	0.0	0.0	0.0	0.0	0.0	0.0	0.0	0.0	0.0	0.0	0.0	0.0	0.0	0.0	0.0	0.0	0.0	0.0	0.0	0.0	0.0	0.0	0.0	0.0	0.0	0.0	0.0	0.0	0.0	0.0	0.0	0.0	0.0	
mean=0.0
p=0.09000000000000001
0.0	0.0	0.0	0.0	0.0	0.0	0.0	0.0	0.0	0.0	0.0	0.0	0.0	0.0	0.0	0.0	0.0	0.0	0.0	0.0	0.0	0.0	0.0	0.0	0.0	0.0	0.0	0.0	0.0	0.0	0.0	0.0	0.0	0.0	0.0	0.0	0.0	0.0	0.0	0.0	0.0	0.0	0.0	0.0	0.0	0.0	0.0	0.0	0.0	0.0	0.0	0.0	0.0	0.0	0.0	0.0	0.0	0.0	0.0	0.0	0.0	0.0	0.0	0.0	
mean=0.0
p=0.09600000000000002
0.0	0.76	0.0	0.0	0.0	0.0	0.0	0.0	0.0	0.0	0.0	0.0	0.0	0.0	0.74	0.0	0.0	0.0	0.0	0.0	0.0	0.0	0.0	0.0	0.0	0.0	0.0	0.0	0.0	0.0	0.0	0.7	0.0	0.0	0.0	0.0	0.0	0.0	0.0	0.0	0.0	0.0	0.0	0.0	0.0	0.0	0.0	0.0	0.64	0.0	0.0	0.0	0.0	0.0	0.0	0.0	0.0	0.0	0.0	0.0	0.0	0.0	0.0	0.0	
mean=0.044375000000000005
p=0.10200000000000002
0.0	0.0	0.7	0.56	0.0	0.68	0.0	0.82	0.0	0.8	0.76	0.0	0.0	0.0	0.0	0.0	0.0	0.0	0.0	0.0	0.0	0.78	0.86	0.0	0.0	0.0	0.9	0.0	0.0	0.0	0.0	0.0	0.0	0.0	0.76	0.0	0.76	0.0	0.76	0.0	0.0	0.0	0.0	0.0	0.0	0.0	0.0	0.92	0.0	0.0	0.0	0.0	0.0	0.0	0.0	0.0	0.0	0.0	0.74	0.0	0.46	0.0	0.0	0.0	
mean=0.17593750000000002
p=0.10800000000000003
0.0	0.0	0.6	0.88	0.0	0.0	0.0	0.0	0.0	0.76	0.84	0.0	0.78	0.66	0.86	0.0	0.84	0.0	0.0	0.0	0.0	0.0	0.0	0.0	0.58	0.0	0.86	0.0	0.68	0.0	0.68	0.0	0.5	0.74	0.0	0.88	0.78	0.8	0.72	0.0	0.74	0.84	0.0	0.0	0.0	0.78	0.0	0.44	0.0	0.9	0.66	0.0	0.0	0.0	0.78	0.0	0.58	0.76	0.0	0.0	0.0	0.66	0.68	0.64	
mean=0.34218750000000003
p=0.11400000000000003
0.82	0.8	0.92	0.84	0.72	0.84	0.0	0.86	0.0	0.86	0.92	0.78	0.7	0.9	0.0	0.8	0.0	0.0	0.0	0.0	0.86	0.72	0.6	0.7	0.82	0.74	0.0	0.74	0.84	0.92	0.74	0.0	0.88	0.88	0.82	0.76	0.0	0.0	0.0	0.92	0.74	0.0	0.96	0.6	0.74	0.92	0.0	0.0	0.9	0.58	0.72	0.82	0.74	0.8	0.96	0.72	0.94	0.56	0.74	0.74	0.7	0.76	0.78	0.0	
mean=0.5956250000000001
p=0.12000000000000002
0.76	0.84	0.76	0.74	0.86	0.72	0.94	0.78	0.74	0.94	0.62	0.0	0.82	0.58	0.94	0.0	0.92	0.72	0.88	0.86	0.84	0.94	0.66	0.76	0.8	0.78	0.88	0.9	0.92	0.74	0.92	0.84	0.66	0.84	0.94	0.98	0.72	0.88	0.96	0.84	0.0	0.9	0.74	0.64	0.9	0.88	0.82	0.98	0.74	0.76	0.86	0.9	0.88	0.84	0.78	0.78	0.7	0.86	0.82	0.74	0.0	0.94	0.86	0.62	
mean=0.7681250000000002
p=0.12600000000000003
0.0	0.84	0.92	0.98	0.82	0.98	0.66	0.96	0.88	0.86	0.92	0.9	1.0	0.7	0.94	0.96	0.86	0.9	0.96	0.0	0.92	0.88	0.98	0.94	0.88	0.82	0.8	0.68	0.92	0.0	0.86	0.98	0.98	0.9	0.92	0.94	0.82	0.84	0.7	0.94	0.92	0.96	0.8	0.9	0.78	0.82	0.92	0.88	0.96	1.0	0.92	0.88	0.86	0.9	0.88	0.96	0.84	0.64	0.98	0.72	0.9	0.96	0.76	0.76	
mean=0.8381250000000001
p=0.13200000000000003
0.86	0.92	0.94	0.96	0.92	0.92	0.9	0.88	0.86	0.92	0.84	0.92	0.64	0.92	0.82	0.96	0.88	0.78	0.94	0.94	0.68	0.88	0.92	0.94	0.98	0.98	0.7	0.9	0.92	0.96	0.96	0.9	0.84	0.84	0.96	0.86	0.98	0.9	0.96	0.98	0.94	0.92	0.94	0.92	0.96	0.92	0.94	0.98	0.82	0.98	0.94	0.92	0.96	0.9	0.94	1.0	0.86	0.9	0.72	0.66	1.0	0.96	0.98	0.98	
mean=0.9031249999999996
p=0.13800000000000004
0.96	0.94	0.98	0.92	0.84	0.92	0.84	0.98	0.94	0.94	0.9	0.94	0.98	0.9	0.82	0.94	0.94	0.92	0.98	0.94	0.86	0.88	0.96	0.94	0.98	1.0	0.8	0.92	0.94	0.92	0.94	0.94	0.96	0.94	0.94	0.94	0.96	0.96	0.9	0.94	0.86	0.96	0.96	0.96	0.98	1.0	0.92	0.94	0.86	0.82	0.86	0.9	0.98	0.9	0.94	0.98	0.88	0.88	1.0	0.88	0.92	0.86	1.0	0.98	
mean=0.9275
p=0.14400000000000004
0.92	1.0	0.92	0.94	0.8	0.84	0.9	0.92	0.94	0.98	0.92	0.94	0.98	0.9	0.98	0.98	1.0	0.98	0.96	0.98	0.92	0.98	0.98	1.0	0.96	0.94	1.0	0.94	0.92	1.0	0.9	0.9	1.0	0.94	0.96	0.96	0.96	0.9	0.92	0.98	0.96	1.0	0.98	0.96	0.94	0.98	0.9	0.9	0.98	1.0	0.9	0.98	0.96	0.96	1.0	0.96	0.94	0.9	0.94	0.98	0.98	0.92	0.96	0.94	
mean=0.9493749999999996
p=0.15000000000000005
0.98	0.98	1.0	0.96	0.88	0.98	0.96	0.92	0.98	0.98	0.98	0.96	0.94	0.96	0.96	0.98	0.98	0.9	0.96	1.0	0.9	0.94	0.98	0.98	1.0	0.98	0.98	0.98	0.96	0.9	0.98	0.98	0.94	0.76	1.0	0.98	0.98	0.96	0.96	0.92	1.0	0.98	0.94	1.0	0.98	0.92	0.94	0.96	0.98	1.0	1.0	1.0	1.0	0.92	0.98	1.0	0.94	0.98	0.96	0.98	0.94	0.92	0.94	1.0	
mean=0.9618749999999996
