p=0.048
0.0	0.0	0.0	0.0	0.0	0.0	0.0	0.0	0.0	0.0	0.0	0.0	0.0	0.0	0.0	0.0	0.0	0.0	0.0	0.0	0.0	0.0	0.0	0.0	0.0	0.0	0.0	0.0	0.0	0.0	0.0	0.0	0.0	0.0	0.0	0.0	0.0	0.0	0.0	0.0	0.0	0.0	0.0	0.0	0.0	0.0	0.0	0.0	0.0	0.0	0.0	0.0	0.0	0.0	0.0	0.0	0.0	0.0	0.0	0.0	0.0	0.0	0.0	0.0	
mean=0.0
p=0.052000000000000005
0.0	0.0	0.0	0.0	0.0	0.0	0.0	0.0	0.0	0.0	0.0	0.0	0.0	0.0	0.0	0.0	0.0	0.0	0.0	0.0	0.0	0.0	0.0	0.0	0.0	0.0	0.0	0.0	0.0	0.0	0.0	0.0	0.0	0.0	0.0	0.0	0.0	0.0	0.0	0.0	0.0	0.0	0.0	0.0	0.0	0.0	0.0	0.48	0.0	0.0	0.0	0.0	0.0	0.0	0.0	0.0	0.0	0.0	0.0	0.0	0.0	0.0	0.0	0.0	
mean=0.0075
p=0.05600000000000001
0.0	0.0	0.0	0.0	0.0	0.0	0.0	0.0	0.0	0.0	0.0	0.0	0.0	0.0	0.0	0.0	0.0	0.0	0.0	0.0	0.0	0.0	0.0	0.0	0.0	0.0	0.0	0.0	0.0	0.0	0.0	0.0	0.0	0.0	0.0	0.0	0.0	0.0	0.0	0.0	0.0	0.0	0.0	0.0	0.0	0.0	0.0	0.0	0.0	0.0	0.0	0.0	0.0	0.0	0.0	0.0	0.0	0.0	0.0	0.0	0.0	0.0	0.0	0.0	
mean=0.0
p=0.06000000000000001
0.0	0.0	0.0	0.0	0.0	0.0	0.0	0.0	0.0	0.0	0.0	0.0	0.0	0.0	0.0	0.0	0.0	0.0	0.0	0.0	0.0	0.0	0.0	0.0	0.0	0.0	0.0	0.0	0.0	0.0	0.0	0.0	0.0	0.0	0.0	0.0	0.0	0.0	0.0	0.0	0.0	0.0	0.0	0.0	0.0	0.0	0.0	0.0	0.0	0.0	0.0	0.0	0.0	0.0	0.68	0.0	0.0	0.0	0.0	0.0	0.0	0.64	0.0	0.0	
mean=0.020625
p=0.06400000000000002
0.0	0.0	0.0	0.0	0.0	0.0	0.0	0.0	0.0	0.0	0.0	0.0	0.0	0.0	0.0	0.68	0.0	0.0	0.36	0.0	0.0	0.0	0.0	0.0	0.0	0.0	0.0	0.0	0.0	0.0	0.0	0.0	0.66	0.0	0.0	0.0	0.5	0.0	0.0	0.0	0.0	0.56	0.0	0.0	0.42	0.0	0.0	0.56	0.0	0.0	0.0	0.0	0.0	0.0	0.0	0.0	0.42	0.0	0.0	0.0	0.0	0.42	0.0	0.0	
mean=0.0715625
p=0.06800000000000002
0.0	0.0	0.0	0.72	0.0	0.0	0.68	0.56	0.0	0.76	0.72	0.4	0.0	0.64	0.0	0.0	0.0	0.0	0.0	0.56	0.0	0.0	0.0	0.0	0.0	0.0	0.0	0.0	0.0	0.52	0.0	0.0	0.0	0.0	0.54	0.62	0.0	0.0	0.0	0.7	0.74	0.0	0.0	0.0	0.5	0.8	0.66	0.62	0.0	0.0	0.0	0.0	0.0	0.0	0.0	0.44	0.0	0.0	0.0	0.64	0.58	0.0	0.0	0.0	
mean=0.19374999999999998
p=0.07200000000000002
0.64	0.64	0.66	0.62	0.0	0.0	0.0	0.0	0.0	0.44	0.0	0.88	0.6	0.0	0.48	0.0	0.0	0.0	0.72	0.38	0.76	0.0	0.0	0.0	0.0	0.72	0.6	0.74	0.64	0.56	0.82	0.68	0.58	0.0	0.0	0.0	0.74	0.0	0.46	0.0	0.48	0.0	0.0	0.0	0.42	0.0	0.0	0.62	0.74	0.0	0.0	0.7	0.68	0.9	0.6	0.58	0.78	0.8	0.56	0.44	0.0	0.86	0.0	0.78	
mean=0.3640625
p=0.07600000000000003
0.5	0.76	0.0	0.56	0.0	0.54	0.0	0.74	0.68	0.76	0.72	0.6	0.54	0.68	0.7	0.0	0.0	0.7	0.0	0.7	0.56	0.0	0.64	0.0	0.8	0.88	0.76	0.0	0.0	0.66	0.62	0.94	0.78	0.0	0.68	0.72	0.8	0.52	0.82	0.48	0.48	0.88	0.0	0.74	0.92	0.72	0.96	0.8	0.64	0.58	0.68	0.0	0.72	0.66	0.0	0.76	0.36	0.56	0.58	0.54	0.84	0.62	0.68	0.0	
mean=0.5243749999999999
p=0.08000000000000002
0.58	0.84	0.76	0.86	0.5	0.86	0.88	0.68	0.0	0.68	0.0	0.46	0.66	0.72	0.68	0.64	0.76	0.68	0.86	0.0	0.6	0.82	0.7	0.0	0.82	0.76	0.92	0.9	0.78	0.28	0.62	0.8	0.0	0.0	0.78	0.6	0.66	0.82	0.88	0.56	0.68	0.7	0.52	0.0	0.0	0.86	0.62	0.72	0.7	0.88	0.74	0.74	0.96	0.74	0.76	0.88	0.78	0.82	0.9	0.82	0.74	0.82	0.68	0.46	
mean=0.639375
p=0.08400000000000002
0.6	0.8	0.72	0.86	0.9	0.9	0.82	0.64	0.8	0.86	0.8	0.76	0.66	0.8	0.7	0.78	0.94	0.58	0.66	0.88	0.84	0.88	0.8	0.76	0.84	0.76	0.7	0.7	0.6	0.86	0.84	0.72	0.78	0.84	0.84	0.7	0.78	0.82	0.76	0.88	0.6	0.88	0.76	0.86	0.76	0.94	0.88	0.58	0.7	0.8	0.76	0.42	0.74	0.6	0.84	0.92	0.4	0.76	0.8	0.82	0.78	0.48	0.84	0.72	
mean=0.7625000000000001
p=0.08800000000000002
0.94	0.78	0.96	0.9	0.74	0.68	0.78	0.6	0.8	0.7	0.84	0.86	0.74	0.84	0.94	0.98	0.74	0.92	0.82	0.64	0.74	0.86	0.74	0.92	0.94	0.62	0.86	0.8	0.94	0.82	0.86	0.88	0.52	0.8	0.0	0.7	0.76	0.72	0.94	0.84	0.92	0.86	0.86	0.88	0.24	0.78	0.86	0.88	0.92	0.94	0.8	0.8	0.86	0.88	0.8	0.8	0.94	0.92	0.98	0.92	0.8	0.64	0.84	0.76	
mean=0.8021874999999999
p=0.09200000000000003
0.82	0.92	0.78	0.86	0.98	0.92	0.86	0.9	0.34	0.94	0.84	0.8	0.8	0.96	0.78	0.88	0.86	0.88	0.78	0.88	0.9	0.92	0.8	1.0	0.96	0.76	0.88	0.98	0.84	0.84	0.76	0.72	0.96	0.96	0.8	0.94	0.82	0.96	0.86	0.96	0.92	0.82	0.82	0.84	0.9	0.84	0.84	0.88	0.64	0.78	0.92	0.92	0.82	0.84	0.84	0.84	0.94	0.86	0.9	0.66	0.92	0.86	0.78	0.98	
mean=0.8556250000000004
p=0.09600000000000003
0.86	0.72	0.9	0.9	0.72	0.84	0.86	0.86	0.94	0.88	0.88	0.98	0.88	0.78	0.96	0.88	0.94	0.8	0.96	0.9	0.8	0.84	0.92	0.92	0.86	0.9	0.9	0.96	0.98	0.86	0.92	0.88	0.84	0.94	0.92	0.86	0.92	0.94	0.88	0.72	0.84	0.9	0.96	0.94	1.0	0.92	0.92	0.98	0.9	0.98	0.9	0.84	0.7	0.96	0.92	0.68	0.82	0.76	0.86	0.8	0.78	0.96	0.78	0.84	
mean=0.8771875000000001
p=0.10000000000000003
0.76	0.9	0.96	0.9	0.92	0.92	0.92	0.98	0.86	0.94	0.94	0.88	0.96	0.82	0.9	0.96	0.8	0.98	0.82	0.94	0.92	0.92	0.9	0.94	0.84	0.88	0.94	0.86	0.98	0.76	0.9	0.94	0.9	0.98	0.92	0.92	0.92	0.96	0.64	0.96	0.98	0.94	0.76	0.92	0.94	0.9	0.96	0.94	0.82	0.98	0.86	0.94	0.92	0.96	0.98	0.88	0.94	0.98	0.84	0.94	0.98	0.94	0.94	0.72	
mean=0.9062499999999998
p=0.10400000000000004
0.94	0.98	1.0	0.96	0.96	0.9	0.96	0.8	1.0	0.9	0.94	0.92	0.92	0.98	0.84	0.96	0.98	0.92	0.92	0.94	0.88	0.86	0.82	0.9	0.98	0.92	0.9	0.96	0.84	0.92	0.94	0.9	0.94	0.9	0.94	0.96	0.94	0.94	0.98	0.92	0.94	0.96	0.98	0.96	0.92	0.88	0.94	0.94	0.84	0.94	0.88	0.92	0.94	0.94	0.82	0.94	0.88	0.74	0.98	0.94	0.94	0.94	0.94	0.92	
mean=0.9231249999999999
p=0.10800000000000004
0.92	1.0	0.98	1.0	0.92	0.96	0.94	0.9	0.94	0.96	0.92	0.94	0.92	1.0	0.88	0.92	0.94	0.98	0.86	0.98	0.92	0.96	1.0	0.92	0.9	0.9	0.94	0.98	0.98	0.9	0.96	0.94	0.98	0.9	0.94	0.86	0.94	0.9	0.86	0.92	0.82	0.94	0.9	1.0	0.9	0.94	0.92	0.98	0.92	0.92	0.9	0.98	0.98	0.9	1.0	0.8	0.96	0.98	0.92	0.94	1.0	0.9	0.9	0.94	
mean=0.9343749999999996
p=0.11200000000000004
0.96	0.9	0.98	0.96	1.0	0.98	0.88	0.88	0.94	1.0	1.0	0.92	0.94	0.88	0.94	0.86	0.96	0.94	1.0	0.98	0.9	0.98	0.98	0.94	0.98	0.98	0.96	0.98	1.0	0.98	0.92	0.98	0.96	0.96	1.0	0.94	0.96	1.0	0.96	0.92	0.96	0.98	0.98	0.92	0.96	0.9	1.0	1.0	0.88	0.96	0.92	0.96	0.86	1.0	0.94	0.92	0.94	0.92	0.96	0.94	0.94	0.86	0.98	0.98	
mean=0.9506249999999999
