p=0.096
0.0	0.0	0.0	0.0	0.0	0.0	0.0	0.0	0.0	0.0	0.0	0.0	0.0	0.0	0.0	0.0	0.0	0.0	0.0	0.0	0.0	0.0	0.0	0.0	0.0	0.0	0.0	0.0	0.0	0.0	0.0	0.0	0.0	0.0	0.0	0.0	0.0	0.0	0.0	0.0	0.0	0.0	0.0	0.0	0.0	0.0	0.0	0.0	0.0	0.0	0.0	0.0	0.0	0.0	0.0	0.0	0.0	0.0	0.0	0.0	0.0	0.0	0.0	0.0	
mean=0.0
p=0.10400000000000001
0.0	0.0	0.0	0.0	0.0	0.0	0.0	0.0	0.0	0.0	0.0	0.0	0.0	0.0	0.0	0.0	0.0	0.0	0.0	0.0	0.0	0.0	0.0	0.0	0.0	0.0	0.0	0.0	0.0	0.0	0.0	0.0	0.0	0.0	0.0	0.0	0.0	0.0	0.0	0.0	0.0	0.0	0.0	0.0	0.0	0.0	0.0	0.0	0.0	0.0	0.0	0.0	0.0	0.0	0.0	0.0	0.0	0.0	0.0	0.0	0.0	0.0	0.0	0.0	
mean=0.0
p=0.11200000000000002
0.0	0.0	0.0	0.0	0.0	0.0	0.0	0.0	0.0	0.0	0.0	0.0	0.0	0.0	0.0	0.0	0.0	0.0	0.0	0.0	0.0	0.0	0.0	0.0	0.0	0.0	0.0	0.0	0.0	0.0	0.0	0.0	0.0	0.0	0.0	0.0	0.0	0.0	0.0	0.0	0.0	0.0	0.0	0.0	0.0	0.0	0.0	0.0	0.0	0.0	0.0	0.0	0.0	0.0	0.0	0.0	0.0	0.0	0.0	0.0	0.0	0.0	0.0	0.0	
mean=0.0
p=0.12000000000000002
0.0	0.0	0.0	0.0	0.0	0.0	0.0	0.0	0.0	0.0	0.0	0.0	0.0	0.0	0.0	0.0	0.96	0.0	0.0	0.0	0.0	0.0	0.0	0.0	0.0	0.0	0.0	0.0	0.0	0.0	0.0	0.0	0.0	0.0	0.0	0.0	0.0	0.0	0.0	0.0	0.0	0.0	0.0	0.0	0.0	0.0	0.0	0.0	0.0	0.0	0.0	0.0	0.0	0.0	0.86	0.0	0.0	0.0	0.0	0.0	0.0	0.0	0.0	0.0	
mean=0.028437499999999998
p=0.12800000000000003
0.0	0.0	0.0	0.72	0.0	0.0	0.0	0.0	0.0	0.0	0.0	0.0	0.0	0.0	0.0	0.0	0.0	0.0	0.0	0.0	0.0	0.0	0.0	0.0	0.0	0.0	0.0	0.0	0.0	0.0	0.0	0.0	0.0	0.0	0.0	0.0	0.0	0.0	0.0	0.0	0.0	0.0	0.0	0.0	0.0	0.0	0.0	0.0	0.0	0.0	0.0	0.0	0.0	0.0	0.0	0.0	0.0	0.0	0.0	0.0	0.0	0.0	0.0	0.0	
mean=0.01125
p=0.13600000000000004
0.0	0.0	0.86	0.82	0.0	0.7	0.0	0.0	0.6	0.0	0.0	0.68	0.0	0.0	0.66	0.0	0.0	0.78	0.0	0.88	0.0	0.0	0.84	0.0	0.68	0.96	0.0	0.0	0.84	0.82	0.0	0.0	0.0	0.0	0.0	0.94	0.8	0.0	0.0	0.86	0.0	0.0	0.0	0.0	0.0	0.0	0.0	0.0	0.86	0.0	0.0	0.0	0.0	0.8	0.0	0.0	0.0	0.0	0.0	0.7	0.0	0.0	0.0	0.72	
mean=0.246875
p=0.14400000000000004
0.88	0.9	0.0	0.0	0.84	0.0	0.86	0.0	0.0	0.76	0.78	0.84	0.0	0.84	0.0	0.86	0.96	0.0	0.0	0.94	0.88	0.92	0.0	0.0	0.96	0.0	0.88	0.66	0.76	0.0	0.78	0.0	0.92	0.84	0.92	0.84	0.92	0.0	0.8	0.0	0.88	0.0	0.0	0.9	0.0	0.76	0.88	0.0	0.0	0.86	0.0	0.0	0.9	0.72	0.94	0.72	0.76	0.64	0.0	0.78	0.9	0.88	0.0	0.0	
mean=0.5009375
p=0.15200000000000005
0.9	0.84	0.96	0.0	0.0	0.96	0.94	0.92	0.0	0.96	0.0	0.72	0.9	0.96	0.0	0.9	0.86	0.92	0.88	0.9	0.94	0.92	0.9	0.88	0.8	0.74	0.88	0.78	0.86	0.82	0.94	0.96	0.0	0.92	0.7	0.0	0.9	0.88	0.86	0.92	0.78	0.98	0.94	0.88	0.8	0.82	0.88	0.0	0.9	0.86	0.92	0.92	0.86	0.88	0.82	0.0	0.86	0.7	0.88	0.68	0.82	0.92	0.88	0.58	
mean=0.7450000000000002
p=0.16000000000000003
0.9	0.94	0.92	0.5	0.88	0.94	0.84	0.98	0.96	0.96	0.9	0.78	0.94	0.86	0.84	0.96	0.9	0.88	0.72	0.94	0.9	0.9	0.9	0.88	0.8	0.94	0.98	0.9	0.92	0.98	0.74	0.88	0.8	0.92	0.0	0.98	0.98	0.96	0.9	0.9	0.92	0.98	0.92	0.96	0.96	0.74	0.94	0.9	0.96	0.84	0.88	0.86	0.84	0.98	0.86	0.88	0.0	0.9	0.94	0.92	0.94	0.94	0.88	0.84	
mean=0.8668750000000001
p=0.16800000000000004
0.96	0.98	0.94	0.98	0.92	0.92	0.94	0.92	0.82	0.98	0.96	0.98	0.96	0.92	0.96	0.9	0.98	0.96	0.94	0.88	0.94	1.0	1.0	0.96	0.86	0.9	0.98	1.0	0.96	0.98	0.88	0.96	0.92	0.96	0.94	0.84	0.88	0.96	0.88	0.9	0.9	0.96	0.96	1.0	0.9	0.94	0.84	0.96	0.9	0.86	0.94	0.98	0.94	0.82	0.98	0.88	0.94	0.92	0.94	0.98	0.98	0.92	0.94	0.86	
mean=0.9334374999999998
p=0.17600000000000005
0.94	0.96	0.94	0.9	0.92	0.94	0.94	0.98	0.84	1.0	0.96	0.84	0.98	0.98	0.94	0.96	0.88	1.0	0.98	0.92	0.96	0.92	0.98	0.98	0.88	0.98	0.98	0.96	0.96	0.86	0.96	0.96	0.94	0.98	0.96	0.94	0.98	0.96	0.98	0.94	0.96	0.96	1.0	0.94	0.98	0.96	0.96	0.86	0.98	0.98	0.94	0.96	0.98	0.94	0.98	0.94	0.94	0.94	0.98	0.98	0.94	0.94	0.94	0.8	
mean=0.9474999999999993
p=0.18400000000000005
0.94	1.0	1.0	0.98	0.96	1.0	0.98	0.96	0.98	1.0	1.0	0.86	0.96	0.98	0.98	1.0	1.0	0.92	0.88	0.94	1.0	1.0	0.96	1.0	0.96	0.86	0.94	1.0	0.92	1.0	1.0	1.0	0.98	0.96	0.98	0.92	1.0	0.86	0.94	0.98	0.98	0.98	0.96	0.94	1.0	0.98	1.0	1.0	1.0	0.98	0.98	1.0	1.0	0.96	0.98	1.0	1.0	0.94	0.98	0.98	0.98	0.92	1.0	0.92	
mean=0.9693749999999995
