p=0.072
0.0	0.0	0.0	0.0	0.0	0.0	0.0	0.0	0.0	0.0	0.0	0.0	0.0	0.0	0.0	0.0	0.0	0.0	0.0	0.0	0.0	0.0	0.0	0.0	0.0	0.0	0.0	0.0	0.0	0.0	0.0	0.0	0.0	0.0	0.0	0.0	0.0	0.0	0.0	0.0	0.0	0.0	0.0	0.0	0.0	0.0	0.0	0.0	0.0	0.0	0.0	0.0	0.0	0.0	0.0	0.0	0.0	0.0	0.0	0.0	0.0	0.0	0.0	0.0	
mean=0.0
p=0.078
0.0	0.0	0.0	0.0	0.0	0.0	0.0	0.0	0.0	0.0	0.0	0.0	0.0	0.0	0.0	0.0	0.0	0.0	0.0	0.0	0.0	0.0	0.0	0.0	0.0	0.0	0.0	0.0	0.0	0.0	0.0	0.0	0.0	0.0	0.0	0.0	0.0	0.0	0.0	0.0	0.0	0.0	0.0	0.0	0.0	0.0	0.0	0.0	0.0	0.0	0.0	0.0	0.0	0.0	0.0	0.0	0.0	0.0	0.0	0.0	0.0	0.0	0.0	0.0	
mean=0.0
p=0.084
0.0	0.0	0.0	0.0	0.0	0.0	0.0	0.0	0.0	0.0	0.0	0.0	0.0	0.0	0.0	0.0	0.0	0.0	0.0	0.0	0.0	0.0	0.0	0.0	0.0	0.0	0.0	0.0	0.0	0.0	0.0	0.0	0.0	0.0	0.0	0.0	0.0	0.0	0.0	0.0	0.0	0.0	0.0	0.0	0.0	0.0	0.0	0.0	0.0	0.0	0.0	0.0	0.0	0.0	0.0	0.0	0.0	0.0	0.0	0.0	0.0	0.0	0.0	0.0	
mean=0.0
p=0.09000000000000001
0.0	0.0	0.0	0.0	0.0	0.0	0.0	0.0	0.0	0.0	0.0	0.0	0.0	0.0	0.0	0.0	0.0	0.0	0.0	0.0	0.0	0.0	0.0	0.0	0.0	0.0	0.0	0.0	0.0	0.0	0.0	0.0	0.0	0.0	0.0	0.0	0.0	0.0	0.0	0.0	0.0	0.0	0.0	0.0	0.0	0.0	0.0	0.0	0.0	0.0	0.0	0.0	0.0	0.0	0.0	0.0	0.0	0.0	0.0	0.0	0.0	0.0	0.0	0.0	
mean=0.0
p=0.09600000000000002
0.0	0.5	0.0	0.0	0.0	0.0	0.66	0.0	0.0	0.0	0.0	0.0	0.0	0.0	0.0	0.0	0.0	0.0	0.0	0.0	0.0	0.0	0.0	0.0	0.0	0.0	0.0	0.0	0.0	0.0	0.0	0.0	0.0	0.0	0.0	0.0	0.0	0.0	0.0	0.56	0.0	0.0	0.0	0.0	0.0	0.0	0.0	0.0	0.0	0.0	0.0	0.0	0.0	0.0	0.0	0.0	0.0	0.0	0.0	0.0	0.0	0.0	0.0	0.0	
mean=0.026875000000000003
p=0.10200000000000002
0.64	0.0	0.7	0.82	0.0	0.0	0.0	0.64	0.74	0.0	0.0	0.0	0.0	0.0	0.0	0.0	0.0	0.48	0.8	0.0	0.0	0.86	0.0	0.0	0.0	0.0	0.0	0.0	0.0	0.0	0.78	0.0	0.0	0.64	0.82	0.0	0.0	0.0	0.0	0.0	0.0	0.0	0.72	0.0	0.0	0.0	0.0	0.9	0.0	0.0	0.0	0.0	0.0	0.54	0.54	0.0	0.0	0.0	0.6	0.82	0.7	0.0	0.68	0.0	
mean=0.2096875
p=0.10800000000000003
0.0	0.0	0.74	0.0	0.72	0.0	0.0	0.66	0.78	0.64	0.0	0.78	0.0	0.0	0.86	0.78	0.0	0.82	0.0	0.0	0.0	0.0	0.0	0.0	0.64	0.0	0.94	0.0	0.64	0.54	0.0	0.78	0.92	0.68	0.0	0.78	0.0	0.0	0.0	0.7	0.84	0.86	0.84	0.94	0.74	0.8	0.6	0.0	0.0	0.0	0.66	0.72	0.94	0.92	0.92	0.0	0.0	0.7	0.0	0.88	0.0	0.78	0.0	0.54	
mean=0.40750000000000003
p=0.11400000000000003
0.68	0.84	0.94	0.82	0.9	0.84	0.8	0.8	0.64	0.0	0.0	0.84	0.0	0.0	0.8	0.94	0.0	0.9	0.84	0.9	0.84	0.84	0.66	0.84	0.56	0.9	0.9	0.5	0.66	0.84	0.76	0.7	0.76	0.76	0.86	0.92	0.78	0.82	0.74	0.76	0.0	0.68	0.84	0.56	0.0	0.94	0.74	0.64	0.88	0.0	0.74	0.76	0.0	0.78	0.88	0.0	0.64	0.0	0.0	0.72	0.76	0.66	0.0	0.82	
mean=0.62375
p=0.12000000000000002
0.82	0.88	0.7	0.78	0.9	0.74	0.0	0.74	0.76	0.84	0.84	0.8	0.0	0.94	0.9	0.84	0.54	0.0	0.72	0.84	0.88	0.96	0.9	0.86	0.74	0.86	0.86	0.86	0.86	0.86	0.68	0.0	0.0	0.74	0.7	0.96	0.0	0.92	0.8	0.9	0.78	0.8	0.0	0.92	0.82	0.9	0.92	0.96	0.9	0.8	0.8	0.0	0.0	0.9	0.78	0.0	0.0	0.82	0.9	0.92	0.78	0.92	0.0	0.0	
mean=0.6646875
p=0.12600000000000003
0.84	0.96	0.72	1.0	0.9	0.88	0.86	0.8	0.96	0.88	0.94	0.94	0.84	0.94	0.84	0.84	0.9	0.86	0.8	0.92	0.76	0.9	0.86	0.92	0.74	0.96	0.82	0.88	0.92	0.86	0.8	0.82	0.98	0.86	0.92	0.94	0.9	0.78	0.92	0.9	0.96	0.42	0.84	0.98	0.0	0.88	0.86	0.94	0.82	0.98	0.98	0.92	0.92	0.84	0.82	0.98	0.88	0.9	0.92	0.86	0.96	0.86	0.96	0.94	
mean=0.8668750000000002
p=0.13200000000000003
0.96	0.96	0.96	0.9	0.84	0.78	0.74	0.92	0.82	0.98	0.9	1.0	0.98	0.96	0.98	0.8	0.82	0.96	0.9	0.96	0.68	0.74	0.84	0.94	0.94	0.96	0.82	0.92	0.9	0.88	0.96	0.86	0.92	0.88	0.92	0.98	0.96	0.92	0.82	0.98	1.0	0.92	0.96	0.86	0.94	0.94	0.0	0.98	0.94	0.9	0.9	0.82	0.9	0.9	0.94	0.9	1.0	0.94	0.88	0.94	0.96	0.9	0.96	0.9	
mean=0.8940624999999998
p=0.13800000000000004
1.0	0.98	0.98	0.94	0.96	0.94	0.9	0.96	0.86	0.94	0.8	0.98	0.96	0.92	0.76	0.86	0.92	1.0	0.96	0.9	0.92	0.88	0.98	0.86	0.98	0.88	0.86	0.8	0.94	0.94	0.96	0.94	0.96	0.9	0.94	0.92	0.88	0.98	0.9	0.98	0.94	0.92	0.92	0.96	0.98	1.0	0.98	0.84	0.98	0.78	0.86	0.96	0.88	0.96	0.92	0.9	0.94	0.98	0.98	1.0	0.98	1.0	0.94	0.86	
mean=0.9278124999999997
p=0.14400000000000004
0.98	0.96	0.94	0.92	0.94	0.92	0.96	0.96	1.0	1.0	0.98	0.96	0.96	0.94	0.96	0.96	0.92	0.96	0.98	0.94	0.98	0.96	0.9	0.94	0.94	0.9	0.94	0.96	0.96	0.9	0.96	0.94	0.92	0.98	1.0	0.86	0.98	0.94	0.92	0.9	1.0	0.98	0.94	0.96	0.96	1.0	0.92	0.84	0.96	0.94	0.92	0.96	0.98	0.96	0.96	0.96	0.92	0.94	0.96	0.98	0.96	0.92	1.0	0.96	
mean=0.9500000000000001
