p=0.24
0.0	0.0	0.0	0.0	0.0	0.0	0.0	0.0	0.0	0.0	0.0	0.0	0.0	0.0	0.0	0.0	0.0	0.0	0.0	0.0	0.0	0.0	0.0	0.0	0.0	0.0	0.0	0.0	0.0	0.0	0.0	0.0	0.0	0.0	0.0	0.0	0.0	0.0	0.0	0.0	0.0	0.0	0.0	0.0	0.0	0.0	0.0	0.0	0.0	0.0	0.0	0.0	0.0	0.0	0.0	0.0	0.0	0.0	0.0	0.0	0.0	0.0	0.0	0.0	
mean=0.0
p=0.26
0.0	0.0	0.0	0.0	0.0	0.0	0.0	0.0	0.0	0.0	0.0	0.0	0.0	0.0	0.0	0.0	0.0	0.0	0.0	0.0	0.0	0.0	0.0	0.0	0.0	0.0	0.0	0.0	0.0	0.0	0.0	0.0	0.0	0.0	0.0	0.0	0.0	0.0	0.0	0.0	0.0	0.0	0.0	0.0	0.0	0.0	0.0	0.0	0.0	0.0	0.0	0.0	0.0	0.0	0.0	0.0	0.0	0.0	0.0	0.0	0.0	0.0	0.0	0.0	
mean=0.0
p=0.28
0.0	0.0	0.0	0.0	0.0	0.0	0.0	0.0	0.0	0.0	0.0	0.0	0.0	0.0	0.0	0.0	0.0	0.0	0.0	0.0	0.0	0.0	0.0	0.0	0.0	0.0	0.0	0.0	0.0	0.0	0.0	0.0	0.0	0.0	0.0	0.0	0.0	0.0	0.0	0.0	0.0	0.0	0.0	0.0	0.0	0.0	0.0	0.0	0.0	0.0	0.0	0.0	0.0	0.0	0.0	0.0	0.0	0.0	0.0	0.0	0.0	0.0	0.0	0.0	
mean=0.0
p=0.30000000000000004
0.0	0.0	0.0	0.0	0.84	0.94	0.0	0.0	0.0	0.0	0.76	0.0	0.0	0.94	0.98	0.0	0.0	0.0	0.0	0.0	0.0	1.0	0.0	0.0	0.0	0.0	0.0	0.0	0.0	0.0	0.0	0.0	0.94	0.0	0.0	0.9	0.96	0.0	0.0	0.0	0.0	0.96	0.98	0.0	0.92	0.0	0.0	0.0	0.92	0.0	0.0	0.94	0.0	0.94	0.8	0.0	0.0	0.0	0.94	0.0	0.0	0.94	0.0	0.92	
mean=0.27375000000000005
p=0.32000000000000006
0.84	0.98	0.96	0.84	0.94	1.0	0.92	0.86	0.88	0.98	0.98	0.92	0.96	0.98	0.96	0.98	0.96	0.96	0.0	0.94	0.96	0.92	0.92	0.96	0.94	0.0	0.96	0.96	0.92	0.9	0.98	0.0	0.98	0.9	0.88	0.0	0.0	0.98	0.96	0.92	1.0	0.92	0.0	0.98	0.9	0.98	0.0	0.98	0.98	0.96	0.92	0.0	0.98	0.94	1.0	1.0	0.86	0.0	0.0	0.92	0.96	0.96	0.98	0.96	
mean=0.7978125
p=0.3400000000000001
0.98	0.94	1.0	1.0	0.82	0.96	0.98	1.0	1.0	0.94	1.0	0.96	0.98	0.94	0.96	0.96	1.0	0.98	0.96	0.98	0.92	1.0	1.0	0.98	0.96	1.0	0.98	0.96	0.98	1.0	1.0	0.98	1.0	0.98	0.94	0.84	0.94	1.0	0.94	1.0	1.0	0.86	1.0	1.0	0.9	0.98	0.98	0.98	0.9	0.86	1.0	0.98	0.94	0.9	1.0	0.96	0.92	0.98	0.98	0.98	1.0	0.96	1.0	0.96	
mean=0.9649999999999996
