p=0.048
0.0	0.0	0.0	0.0	0.0	0.0	0.0	0.0	0.0	0.0	0.0	0.0	0.0	0.0	0.0	0.0	0.0	0.0	0.0	0.0	0.0	0.0	0.0	0.0	0.0	0.0	0.0	0.0	0.0	0.0	0.0	0.0	0.0	0.0	0.0	0.0	0.0	0.0	0.0	0.0	0.0	0.0	0.0	0.0	0.0	0.0	0.0	0.0	0.0	0.0	0.0	0.0	0.0	0.0	0.0	0.0	0.0	0.0	0.0	0.0	0.0	0.0	0.0	0.0	
mean=0.0
p=0.052000000000000005
0.0	0.0	0.0	0.0	0.0	0.0	0.0	0.0	0.0	0.0	0.0	0.0	0.0	0.0	0.0	0.0	0.0	0.0	0.0	0.0	0.0	0.0	0.0	0.0	0.0	0.0	0.0	0.0	0.0	0.0	0.0	0.0	0.0	0.0	0.0	0.0	0.0	0.0	0.0	0.0	0.0	0.0	0.0	0.0	0.0	0.0	0.0	0.0	0.0	0.0	0.0	0.0	0.0	0.0	0.0	0.0	0.0	0.0	0.0	0.0	0.0	0.0	0.0	0.0	
mean=0.0
p=0.05600000000000001
0.0	0.0	0.0	0.0	0.0	0.0	0.0	0.0	0.0	0.0	0.0	0.0	0.0	0.0	0.0	0.0	0.0	0.0	0.0	0.0	0.0	0.0	0.0	0.0	0.0	0.0	0.0	0.0	0.0	0.0	0.0	0.0	0.0	0.0	0.0	0.0	0.0	0.0	0.0	0.0	0.0	0.0	0.0	0.0	0.0	0.0	0.0	0.0	0.0	0.0	0.0	0.0	0.0	0.0	0.0	0.0	0.0	0.0	0.0	0.0	0.0	0.0	0.0	0.0	
mean=0.0
p=0.06000000000000001
0.0	0.0	0.0	0.0	0.0	0.66	0.0	0.0	0.0	0.0	0.0	0.0	0.0	0.0	0.0	0.5	0.0	0.0	0.0	0.0	0.4	0.0	0.46	0.0	0.0	0.0	0.0	0.0	0.0	0.0	0.0	0.0	0.0	0.0	0.0	0.0	0.0	0.0	0.4	0.0	0.0	0.0	0.0	0.0	0.0	0.0	0.0	0.0	0.0	0.0	0.0	0.0	0.0	0.0	0.0	0.0	0.0	0.0	0.0	0.0	0.0	0.0	0.5	0.46	
mean=0.0528125
p=0.06400000000000002
0.0	0.0	0.0	0.0	0.0	0.0	0.0	0.3	0.0	0.0	0.0	0.6	0.44	0.56	0.0	0.0	0.0	0.0	0.6	0.46	0.64	0.74	0.0	0.0	0.0	0.0	0.0	0.0	0.0	0.0	0.0	0.0	0.0	0.0	0.54	0.0	0.0	0.0	0.0	0.0	0.0	0.0	0.0	0.0	0.0	0.0	0.0	0.0	0.0	0.0	0.0	0.0	0.0	0.0	0.68	0.0	0.0	0.62	0.0	0.0	0.0	0.0	0.0	0.0	
mean=0.0965625
p=0.06800000000000002
0.0	0.0	0.68	0.0	0.62	0.0	0.0	0.0	0.0	0.0	0.0	0.0	0.58	0.0	0.0	0.66	0.0	0.0	0.0	0.66	0.0	0.78	0.5	0.58	0.0	0.0	0.0	0.0	0.44	0.0	0.0	0.0	0.0	0.0	0.54	0.58	0.0	0.5	0.0	0.0	0.0	0.0	0.0	0.54	0.84	0.0	0.6	0.0	0.0	0.0	0.0	0.0	0.32	0.56	0.0	0.0	0.0	0.0	0.0	0.0	0.0	0.0	0.5	0.58	
mean=0.17281250000000004
p=0.07200000000000002
0.0	0.8	0.6	0.0	0.0	0.0	0.82	0.0	0.4	0.0	0.58	0.7	0.0	0.0	0.82	0.72	0.0	0.58	0.0	0.74	0.0	0.0	0.74	0.68	0.64	0.0	0.0	0.0	0.66	0.88	0.72	0.62	0.72	0.56	0.94	0.0	0.0	0.48	0.0	0.0	0.0	0.72	0.0	0.0	0.36	0.0	0.0	0.88	0.0	0.0	0.5	0.8	0.58	0.78	0.0	0.0	0.52	0.52	0.7	0.0	0.64	0.0	0.62	0.58	
mean=0.353125
p=0.07600000000000003
0.72	0.72	0.6	0.0	0.8	0.8	0.78	0.76	0.54	0.6	0.0	0.58	0.78	0.64	0.7	0.7	0.58	0.84	0.52	0.0	0.0	0.8	0.74	0.52	0.8	0.82	0.0	0.22	0.58	0.0	0.46	0.44	0.0	0.0	0.68	0.78	0.36	0.66	0.88	0.84	0.0	0.0	0.0	0.0	0.7	0.26	0.58	0.7	0.46	0.0	0.56	0.48	0.58	0.8	0.66	0.94	0.62	0.44	0.7	0.7	0.88	0.0	0.64	0.46	
mean=0.50625
p=0.08000000000000002
0.56	0.86	0.62	0.8	0.82	0.78	0.82	0.8	0.62	0.78	0.82	0.84	0.68	0.74	0.74	0.88	0.78	0.46	0.86	0.76	0.8	0.76	0.18	0.58	0.54	0.84	0.88	0.78	0.52	0.74	0.8	0.64	0.5	0.0	0.84	0.74	0.84	0.84	0.0	0.6	0.7	0.84	0.78	0.4	0.74	0.76	0.0	0.82	0.64	0.68	0.84	0.46	0.6	0.5	0.9	0.72	0.7	0.74	0.82	0.0	0.58	0.88	0.82	0.7	
mean=0.6728125000000001
p=0.08400000000000002
0.68	0.72	0.8	0.68	0.96	0.94	0.94	0.72	0.82	0.62	0.82	0.0	0.8	0.8	0.86	0.86	0.9	0.62	0.54	0.6	0.82	0.94	0.84	0.86	0.8	0.66	0.0	0.68	0.94	0.84	0.92	0.8	0.84	0.72	0.76	0.92	0.72	0.94	0.92	0.92	0.86	0.88	0.74	0.9	0.8	0.9	0.86	0.82	0.92	0.74	0.88	0.8	0.84	0.48	0.92	0.9	0.64	0.74	0.72	0.94	0.86	0.88	0.72	0.84	
mean=0.7828125000000002
p=0.08800000000000002
0.86	0.58	0.88	0.78	0.9	0.78	0.92	0.68	0.9	0.78	0.9	0.9	0.76	0.84	0.72	0.78	0.58	0.8	0.6	0.54	0.98	0.92	0.92	0.92	0.82	0.88	0.9	0.78	0.74	0.9	0.84	0.82	0.72	0.74	0.76	0.86	0.9	0.82	0.84	0.74	0.88	0.78	0.88	0.84	0.94	0.9	0.86	0.8	0.9	0.9	0.8	0.86	0.98	0.72	0.84	0.8	0.72	0.88	0.86	0.86	0.82	0.9	0.84	0.94	
mean=0.8246874999999999
p=0.09200000000000003
0.86	0.72	0.9	0.96	0.84	0.96	0.92	0.86	0.92	0.82	0.86	0.92	1.0	0.9	0.9	0.76	0.68	0.88	0.96	0.92	0.78	0.7	0.9	0.92	0.52	0.84	0.88	0.94	0.9	0.88	0.9	0.92	0.86	0.92	0.8	0.78	0.76	0.9	0.92	0.92	0.8	0.9	0.78	0.72	0.96	0.9	0.9	0.96	0.8	0.94	0.96	0.88	0.84	0.74	0.94	0.82	0.76	0.62	0.82	1.0	0.92	0.84	0.86	0.96	
mean=0.8609375000000001
p=0.09600000000000003
0.88	0.96	0.98	0.82	0.92	1.0	0.9	0.96	0.88	0.94	0.88	0.94	0.94	0.88	0.82	1.0	0.94	0.94	0.64	0.84	0.94	0.88	0.92	0.84	0.84	1.0	0.64	0.98	0.84	0.84	0.86	0.9	0.92	0.82	0.92	0.92	0.92	0.94	0.8	0.92	0.88	0.86	0.94	0.82	0.92	0.94	0.96	0.96	0.92	0.86	0.88	0.96	0.9	0.9	0.8	0.82	0.92	0.9	0.86	0.92	0.98	1.0	0.96	0.92	
mean=0.8981250000000001
p=0.10000000000000003
0.88	0.88	0.96	0.84	0.82	0.98	0.86	0.92	0.84	0.96	0.96	0.94	0.9	0.96	0.9	0.84	0.86	0.82	0.9	0.86	0.86	0.88	0.88	0.82	0.9	0.88	0.94	0.98	0.86	0.9	0.86	0.72	0.84	0.86	0.92	0.84	0.96	0.86	0.84	0.88	0.84	0.82	0.88	0.84	0.94	0.98	0.78	0.92	0.94	0.92	0.94	0.78	0.94	0.94	0.98	0.68	0.92	0.92	0.9	0.9	0.92	0.9	0.92	0.96	
mean=0.8878124999999999
p=0.10400000000000004
0.92	0.86	0.94	0.72	0.94	1.0	0.86	0.96	0.96	0.94	0.92	0.94	0.96	0.76	0.92	0.98	0.96	0.94	0.76	1.0	0.98	0.94	0.92	0.9	1.0	1.0	0.92	0.9	0.92	0.98	0.94	0.98	0.9	0.96	0.9	0.98	0.94	0.9	0.96	0.94	0.88	1.0	0.94	0.9	0.94	0.96	0.92	0.84	0.94	0.9	0.98	0.92	0.86	0.98	0.9	0.96	0.88	0.96	0.9	0.84	0.96	0.94	0.94	0.94	
mean=0.9262499999999999
p=0.10800000000000004
0.98	0.98	0.96	0.96	0.96	0.98	0.9	0.94	0.96	1.0	1.0	0.9	0.94	0.92	0.96	0.98	0.92	0.92	0.88	0.94	0.94	0.98	0.9	0.94	0.96	0.96	0.98	0.8	0.94	0.94	0.98	0.96	0.98	0.94	0.96	1.0	0.82	0.92	0.96	0.96	0.98	0.96	0.94	0.86	0.98	0.94	0.98	1.0	0.96	0.88	0.96	0.98	0.94	0.96	0.86	0.98	0.94	0.92	0.92	0.88	0.98	0.98	0.82	0.96	
mean=0.943125
p=0.11200000000000004
0.92	1.0	0.8	0.98	0.96	1.0	0.94	0.92	0.94	0.96	1.0	1.0	0.92	0.98	0.96	0.84	0.96	1.0	0.98	0.88	0.92	0.96	0.98	0.98	0.94	0.94	0.98	0.94	0.98	0.96	0.96	0.94	0.96	0.94	0.96	1.0	0.94	0.94	0.96	0.92	1.0	0.98	0.9	0.92	0.96	0.98	0.94	0.98	0.92	1.0	0.9	1.0	0.94	0.98	0.92	0.92	1.0	0.9	0.98	0.9	1.0	0.96	0.92	0.96	
mean=0.9515624999999999
