p=0.048
0.0	0.0	0.0	0.0	0.0	0.0	0.0	0.0	0.0	0.0	0.0	0.0	0.0	0.0	0.0	0.0	0.0	0.0	0.0	0.0	0.0	0.0	0.0	0.0	0.0	0.0	0.0	0.0	0.0	0.0	0.0	0.0	0.0	0.0	0.0	0.0	0.0	0.0	0.0	0.0	0.0	0.0	0.0	0.0	0.0	0.0	0.0	0.0	0.0	0.0	0.0	0.0	0.0	0.0	0.0	0.0	0.0	0.0	0.0	0.0	0.0	0.0	0.0	0.0	
mean=0.0
p=0.052000000000000005
0.0	0.0	0.0	0.0	0.0	0.0	0.0	0.0	0.0	0.0	0.0	0.0	0.0	0.0	0.0	0.0	0.0	0.0	0.0	0.0	0.0	0.0	0.0	0.0	0.0	0.0	0.0	0.0	0.0	0.0	0.0	0.0	0.0	0.0	0.0	0.0	0.0	0.0	0.0	0.0	0.0	0.0	0.0	0.0	0.0	0.0	0.0	0.0	0.0	0.0	0.0	0.4	0.0	0.0	0.0	0.0	0.0	0.0	0.0	0.0	0.0	0.0	0.0	0.0	
mean=0.00625
p=0.05600000000000001
0.0	0.0	0.0	0.0	0.0	0.0	0.0	0.0	0.0	0.0	0.0	0.0	0.0	0.0	0.0	0.0	0.0	0.0	0.0	0.0	0.0	0.0	0.0	0.0	0.0	0.72	0.0	0.0	0.0	0.0	0.0	0.0	0.0	0.0	0.0	0.0	0.0	0.0	0.0	0.0	0.0	0.0	0.0	0.0	0.0	0.0	0.0	0.0	0.0	0.0	0.0	0.0	0.0	0.0	0.0	0.0	0.0	0.0	0.0	0.0	0.0	0.0	0.0	0.0	
mean=0.01125
p=0.06000000000000001
0.0	0.54	0.0	0.0	0.0	0.0	0.0	0.0	0.0	0.0	0.0	0.0	0.0	0.0	0.0	0.0	0.0	0.0	0.0	0.0	0.0	0.0	0.0	0.0	0.5	0.0	0.0	0.0	0.0	0.0	0.0	0.0	0.0	0.0	0.0	0.0	0.0	0.0	0.0	0.0	0.0	0.0	0.0	0.0	0.0	0.0	0.0	0.74	0.0	0.0	0.0	0.46	0.0	0.0	0.0	0.0	0.0	0.0	0.0	0.0	0.0	0.0	0.0	0.0	
mean=0.035
p=0.06400000000000002
0.0	0.0	0.0	0.0	0.0	0.0	0.0	0.64	0.0	0.0	0.34	0.0	0.0	0.0	0.0	0.0	0.0	0.0	0.0	0.0	0.0	0.6	0.0	0.0	0.0	0.0	0.0	0.0	0.0	0.0	0.0	0.0	0.0	0.0	0.0	0.64	0.0	0.0	0.0	0.0	0.0	0.0	0.0	0.0	0.0	0.0	0.0	0.6	0.0	0.0	0.0	0.0	0.54	0.54	0.0	0.0	0.0	0.0	0.0	0.0	0.48	0.0	0.0	0.0	
mean=0.06843750000000001
p=0.06800000000000002
0.0	0.0	0.0	0.0	0.0	0.0	0.0	0.0	0.18	0.56	0.68	0.0	0.66	0.0	0.7	0.0	0.0	0.48	0.66	0.0	0.42	0.0	0.0	0.0	0.0	0.0	0.0	0.56	0.66	0.7	0.8	0.0	0.08	0.0	0.52	0.0	0.0	0.0	0.66	0.62	0.0	0.0	0.0	0.0	0.0	0.0	0.0	0.58	0.0	0.0	0.0	0.0	0.0	0.7	0.0	0.0	0.0	0.0	0.0	0.0	0.0	0.0	0.0	0.66	
mean=0.16999999999999998
p=0.07200000000000002
0.0	0.58	0.0	0.92	0.66	0.62	0.8	0.0	0.0	0.0	0.84	0.0	0.48	0.68	0.0	0.0	0.0	0.7	0.0	0.72	0.72	0.0	0.0	0.58	0.9	0.0	0.0	0.72	0.6	0.52	0.36	0.66	0.0	0.64	0.0	0.0	0.0	0.0	0.0	0.0	0.58	0.52	0.74	0.0	0.36	0.0	0.76	0.0	0.0	0.72	0.54	0.0	0.0	0.48	0.0	0.62	0.0	0.74	0.0	0.0	0.0	0.72	0.0	0.38	
mean=0.31031249999999994
p=0.07600000000000003
0.4	0.78	0.84	0.78	0.56	0.6	0.7	0.44	0.0	0.0	0.64	0.52	0.0	0.64	0.76	0.0	0.72	0.64	0.84	0.0	0.72	0.0	0.82	0.6	0.8	0.0	0.54	0.74	0.66	0.6	0.0	0.66	0.0	0.5	0.82	0.88	0.0	0.0	0.22	0.84	0.72	0.0	0.82	0.72	0.62	0.62	0.82	0.74	0.66	0.86	0.0	0.86	0.86	0.68	0.0	0.68	0.82	0.9	0.7	0.6	0.42	0.7	0.64	0.36	
mean=0.5321874999999999
p=0.08000000000000002
0.86	0.94	0.56	0.92	0.68	0.7	0.46	0.68	0.0	0.82	0.78	0.78	0.82	0.64	0.9	0.64	0.66	0.6	0.66	0.9	0.0	0.86	0.78	0.74	0.8	0.0	0.0	0.92	0.72	0.9	0.7	0.64	0.7	0.8	0.78	0.9	0.58	0.56	0.56	0.74	0.76	0.78	0.78	0.72	0.74	0.72	0.62	0.82	0.8	0.48	0.54	0.0	0.0	0.7	0.86	0.9	0.72	0.66	0.66	0.68	0.84	0.7	0.74	0.84	
mean=0.6678124999999998
p=0.08400000000000002
0.78	0.84	0.8	0.8	0.54	0.74	0.68	0.52	0.72	0.92	0.72	0.8	0.78	0.58	0.68	0.0	0.92	0.7	0.78	0.82	0.82	0.76	0.54	0.62	0.8	0.84	0.86	0.76	0.66	0.72	0.86	0.76	0.88	0.9	0.76	0.88	0.64	0.0	0.84	0.82	0.76	0.82	0.0	0.88	0.8	0.8	0.78	0.74	0.8	0.74	0.8	0.98	0.94	0.64	0.82	0.62	0.72	0.8	0.6	0.68	0.78	0.96	0.76	0.0	
mean=0.7196874999999998
p=0.08800000000000002
0.76	0.88	0.88	0.8	0.76	0.62	0.8	0.92	0.84	0.8	0.7	0.84	0.72	0.82	0.62	0.96	0.66	0.66	0.82	0.8	0.82	0.86	0.9	0.78	0.8	0.76	0.9	0.84	0.78	0.58	0.86	0.78	0.86	0.88	0.62	0.78	0.94	0.76	0.78	0.84	0.9	0.88	0.9	0.74	0.94	0.92	0.6	0.72	0.9	0.94	0.82	0.9	0.8	0.86	0.92	0.9	0.46	0.86	0.0	0.76	0.8	0.86	0.56	0.8	
mean=0.7893749999999999
p=0.09200000000000003
0.72	0.84	0.82	0.92	0.9	0.78	0.86	0.0	0.88	0.92	0.78	0.94	0.92	0.9	0.94	0.98	0.82	0.96	0.78	0.98	0.82	0.78	0.8	0.72	0.86	0.88	0.92	0.86	0.96	0.66	0.88	0.9	0.96	0.9	0.9	0.94	0.84	0.84	0.74	0.6	0.86	0.92	0.78	0.82	0.74	0.8	0.88	0.92	0.86	0.86	0.8	0.96	0.96	0.82	0.92	0.84	0.92	0.98	0.92	0.94	0.76	0.8	0.92	0.94	
mean=0.84875
p=0.09600000000000003
0.82	0.98	0.84	0.72	0.92	0.9	0.86	0.92	0.88	0.88	0.82	0.82	0.86	0.96	0.88	0.92	0.92	0.9	1.0	0.86	0.96	0.78	0.54	0.92	0.94	0.82	0.9	0.94	0.84	0.86	0.92	0.94	0.94	0.86	0.94	0.92	0.86	0.98	0.84	0.94	0.84	0.86	0.8	0.92	0.9	0.86	0.94	0.86	0.92	0.88	1.0	0.92	0.82	0.84	0.96	0.98	0.88	0.72	0.84	0.94	0.98	0.9	0.96	0.92	
mean=0.8865625000000003
p=0.10000000000000003
0.9	0.92	0.78	0.94	0.86	0.96	0.82	0.96	0.76	0.94	0.92	0.76	0.96	0.9	0.96	0.9	0.98	0.96	0.98	0.94	0.98	1.0	1.0	0.98	0.96	0.9	0.82	0.98	0.78	0.86	0.88	0.92	0.98	0.94	0.9	0.9	0.92	0.9	0.88	0.98	0.7	0.92	0.96	0.92	0.96	0.9	0.92	0.96	0.92	0.76	0.86	1.0	0.88	0.88	0.94	0.96	0.82	0.88	0.92	0.88	0.98	0.96	0.9	0.9	
mean=0.9100000000000003
p=0.10400000000000004
0.96	0.92	0.94	0.88	0.98	0.92	0.92	0.98	0.98	0.98	0.98	0.9	0.94	0.96	0.96	0.88	0.96	0.92	0.96	0.94	0.94	0.98	0.92	0.88	0.96	0.92	0.94	0.9	0.96	0.94	0.96	0.94	0.86	0.84	0.82	0.9	0.9	0.9	0.92	0.94	0.9	0.98	0.9	0.94	0.92	0.96	0.88	0.9	0.9	0.88	0.92	0.94	0.9	0.88	1.0	0.94	0.84	0.88	0.84	0.8	0.94	0.86	0.94	0.96	
mean=0.9215625000000001
p=0.10800000000000004
0.88	0.96	0.84	0.9	0.92	0.96	0.98	0.98	0.94	0.98	0.96	1.0	0.94	0.94	0.94	0.9	0.88	1.0	0.98	0.98	0.96	0.94	0.98	0.94	0.96	0.92	0.92	0.94	0.94	1.0	0.94	0.92	0.92	0.92	0.96	0.86	0.84	0.92	0.98	0.98	0.92	0.9	0.94	0.94	0.96	0.92	0.96	0.94	0.96	0.98	0.98	0.96	0.98	0.98	0.86	1.0	0.88	1.0	0.98	1.0	0.96	1.0	0.96	0.98	
mean=0.9459375
p=0.11200000000000004
0.96	0.94	0.98	0.88	0.94	0.96	1.0	0.98	0.98	0.98	0.88	1.0	0.98	0.98	0.9	0.94	0.96	0.88	0.96	0.96	0.92	0.98	0.98	0.96	0.94	0.96	1.0	0.92	0.92	1.0	1.0	1.0	0.92	0.94	0.96	0.9	0.94	0.9	0.92	0.94	0.96	0.96	0.94	0.96	0.98	0.94	0.96	0.98	0.92	0.96	0.96	0.92	0.96	0.94	0.98	0.92	0.96	0.96	0.94	0.98	0.94	0.92	0.92	0.98	
mean=0.9512499999999999
