p=0.072
0.0	0.0	0.0	0.0	0.0	0.0	0.0	0.0	0.0	0.0	0.0	0.0	0.0	0.0	0.0	0.0	0.0	0.0	0.0	0.0	0.0	0.0	0.0	0.0	0.0	0.0	0.0	0.0	0.0	0.0	0.0	0.0	0.0	0.0	0.0	0.0	0.0	0.0	0.0	0.0	0.0	0.0	0.0	0.0	0.0	0.0	0.0	0.0	0.0	0.0	0.0	0.0	0.0	0.0	0.0	0.0	0.0	0.0	0.0	0.0	0.0	0.0	0.0	0.0	
mean=0.0
p=0.078
0.0	0.0	0.0	0.0	0.0	0.0	0.0	0.0	0.0	0.0	0.0	0.0	0.0	0.0	0.0	0.0	0.0	0.0	0.0	0.0	0.0	0.0	0.0	0.0	0.0	0.0	0.0	0.0	0.0	0.0	0.0	0.0	0.0	0.0	0.0	0.0	0.0	0.0	0.0	0.0	0.0	0.0	0.0	0.0	0.0	0.0	0.0	0.0	0.0	0.0	0.0	0.0	0.0	0.0	0.0	0.0	0.0	0.0	0.0	0.0	0.0	0.0	0.0	0.0	
mean=0.0
p=0.084
0.0	0.0	0.0	0.0	0.0	0.0	0.0	0.0	0.0	0.0	0.0	0.0	0.0	0.0	0.0	0.0	0.0	0.0	0.0	0.0	0.0	0.0	0.0	0.0	0.0	0.0	0.0	0.0	0.0	0.0	0.0	0.0	0.0	0.0	0.0	0.0	0.0	0.0	0.0	0.0	0.0	0.0	0.0	0.0	0.0	0.0	0.0	0.0	0.0	0.0	0.0	0.0	0.0	0.0	0.0	0.0	0.0	0.0	0.0	0.0	0.0	0.0	0.0	0.0	
mean=0.0
p=0.09000000000000001
0.0	0.0	0.0	0.0	0.0	0.0	0.0	0.0	0.0	0.0	0.0	0.0	0.0	0.0	0.0	0.0	0.0	0.0	0.0	0.0	0.0	0.0	0.0	0.0	0.0	0.0	0.0	0.0	0.0	0.0	0.0	0.0	0.0	0.0	0.0	0.0	0.0	0.0	0.0	0.0	0.0	0.64	0.0	0.0	0.0	0.0	0.0	0.0	0.0	0.0	0.0	0.0	0.0	0.0	0.0	0.0	0.0	0.0	0.0	0.0	0.0	0.0	0.0	0.0	
mean=0.01
p=0.09600000000000002
0.0	0.0	0.0	0.0	0.0	0.66	0.68	0.0	0.0	0.0	0.0	0.0	0.0	0.0	0.0	0.0	0.0	0.0	0.0	0.0	0.0	0.0	0.0	0.0	0.0	0.0	0.0	0.0	0.0	0.0	0.76	0.0	0.0	0.0	0.0	0.0	0.0	0.0	0.0	0.0	0.0	0.0	0.0	0.0	0.0	0.0	0.0	0.0	0.0	0.0	0.0	0.0	0.0	0.0	0.0	0.0	0.0	0.0	0.0	0.0	0.0	0.0	0.0	0.0	
mean=0.0328125
p=0.10200000000000002
0.64	0.0	0.0	0.0	0.0	0.0	0.0	0.0	0.78	0.0	0.0	0.66	0.0	0.88	0.0	0.0	0.88	0.0	0.0	0.0	0.76	0.0	0.0	0.58	0.0	0.0	0.0	0.0	0.74	0.0	0.7	0.68	0.0	0.6	0.0	0.0	0.76	0.72	0.72	0.0	0.0	0.0	0.0	0.0	0.0	0.0	0.0	0.0	0.0	0.0	0.68	0.0	0.7	0.0	0.0	0.0	0.0	0.72	0.0	0.0	0.0	0.0	0.0	0.0	
mean=0.19062500000000002
p=0.10800000000000003
0.0	0.0	0.62	0.9	0.0	0.8	0.0	0.0	0.66	0.8	0.0	0.8	0.0	0.74	0.0	0.88	0.0	0.0	0.0	0.84	0.68	0.92	0.0	0.0	0.7	0.0	0.0	0.0	0.0	0.0	0.0	0.0	0.0	0.9	0.0	0.0	0.0	0.0	0.74	0.0	0.9	0.0	0.62	0.68	0.74	0.0	0.0	0.0	0.72	0.86	0.0	0.76	0.68	0.0	0.82	0.66	0.0	0.76	0.6	0.0	0.68	0.0	0.86	0.0	
mean=0.33312500000000006
p=0.11400000000000003
0.6	0.52	0.9	0.68	0.88	1.0	0.0	0.86	0.8	0.6	0.0	0.74	0.64	0.86	0.86	0.9	0.62	0.0	0.82	0.88	0.0	0.0	0.88	0.82	0.0	0.8	0.86	0.0	0.88	0.0	0.72	0.78	0.9	0.78	0.9	0.78	0.0	0.76	0.0	0.94	0.8	0.8	0.88	0.62	0.0	0.0	0.74	0.0	0.0	0.78	0.0	0.56	0.0	0.84	0.0	0.94	0.42	0.74	0.74	0.84	0.0	0.9	0.82	0.64	
mean=0.5628125000000002
p=0.12000000000000002
0.86	0.92	0.92	0.88	1.0	0.88	0.96	0.88	0.9	0.84	0.72	0.76	0.9	0.0	0.7	0.84	0.94	0.66	0.6	0.88	0.96	0.0	0.96	0.82	0.8	0.9	0.92	0.7	0.9	0.94	0.86	0.0	0.94	0.82	0.92	0.6	0.96	0.8	0.8	0.9	0.86	0.8	0.0	0.0	0.76	0.68	0.9	0.0	0.88	0.9	0.84	0.86	0.94	0.92	0.0	1.0	0.86	0.94	0.82	0.98	0.92	0.9	0.9	0.0	
mean=0.7531249999999999
p=0.12600000000000003
0.96	0.96	0.76	0.96	0.74	0.98	0.8	0.92	0.78	0.98	0.88	0.88	0.86	0.86	0.9	0.94	0.9	0.9	0.84	0.86	0.86	0.84	0.9	0.86	0.86	0.82	0.86	0.92	0.84	0.84	0.94	0.92	0.96	0.0	0.0	0.7	0.88	0.82	0.84	0.88	0.0	0.88	0.84	0.94	0.8	0.94	0.94	0.9	0.96	0.92	0.8	0.98	0.86	0.98	0.96	0.96	0.78	1.0	0.88	0.96	0.86	0.88	0.92	0.96	
mean=0.8453125
p=0.13200000000000003
0.92	1.0	0.94	0.78	0.92	0.98	0.82	0.94	0.92	0.98	0.9	0.98	0.92	0.96	0.96	0.92	0.86	0.9	0.84	0.96	0.9	0.94	0.98	0.84	0.96	0.9	0.82	0.94	0.9	0.84	0.96	0.98	0.98	0.88	0.92	0.94	0.92	0.96	0.92	0.9	0.96	0.94	0.72	0.88	0.98	0.98	0.9	0.92	0.7	0.92	0.84	0.96	0.88	1.0	0.96	0.86	0.84	0.96	0.9	0.94	0.94	0.74	0.94	0.86	
mean=0.9109375000000001
p=0.13800000000000004
0.92	0.84	0.94	1.0	0.98	0.84	1.0	0.88	0.96	0.96	0.94	0.88	0.92	0.9	0.96	0.9	0.86	0.98	0.9	0.9	0.94	0.94	0.98	0.98	0.94	0.92	0.96	0.92	0.92	1.0	0.84	0.88	0.9	0.94	0.94	0.96	0.76	0.92	0.9	0.92	0.96	0.86	0.9	0.94	0.92	0.94	0.98	0.94	0.98	0.92	0.86	0.9	0.88	0.88	0.84	0.92	0.92	0.96	0.98	0.9	0.9	1.0	0.92	0.86	
mean=0.9215625000000001
p=0.14400000000000004
1.0	0.92	0.9	0.98	0.8	0.94	0.98	0.98	0.92	0.94	0.98	0.98	0.92	0.98	0.98	0.92	1.0	0.88	0.86	0.94	0.92	0.94	0.94	0.98	0.96	0.94	0.96	0.98	0.98	0.98	1.0	0.98	0.98	0.92	0.98	0.98	0.92	0.96	0.96	0.92	0.96	0.96	1.0	0.92	0.98	1.0	0.92	0.92	0.82	0.96	0.96	0.96	0.9	0.96	0.92	0.98	0.98	0.9	0.9	0.96	0.9	0.98	0.9	0.98	
mean=0.946875
p=0.15000000000000005
0.94	1.0	1.0	0.98	0.94	0.9	0.96	1.0	0.96	1.0	0.98	0.96	1.0	0.96	0.92	0.92	0.98	1.0	0.94	0.96	1.0	0.96	0.98	0.98	0.98	0.92	0.98	0.96	1.0	0.96	0.96	0.94	1.0	0.9	0.98	0.9	1.0	0.96	0.94	0.9	0.98	0.98	0.98	0.98	1.0	1.0	0.92	0.96	0.96	0.92	0.96	0.98	0.98	0.98	1.0	1.0	0.98	0.98	0.96	1.0	0.94	0.98	0.98	0.96	
mean=0.9665624999999997
