p=0.048
0.0	0.0	0.0	0.0	0.0	0.0	0.0	0.0	0.0	0.0	0.0	0.0	0.0	0.0	0.0	0.0	0.0	0.0	0.0	0.0	0.0	0.0	0.0	0.0	0.0	0.0	0.0	0.0	0.0	0.0	0.0	0.0	0.0	0.0	0.0	0.0	0.0	0.0	0.0	0.0	0.0	0.0	0.0	0.0	0.0	0.0	0.0	0.0	0.0	0.0	0.0	0.0	0.0	0.0	0.0	0.0	0.0	0.0	0.0	0.0	0.0	0.0	0.0	0.0	
mean=0.0
p=0.052000000000000005
0.0	0.0	0.0	0.0	0.0	0.0	0.0	0.0	0.0	0.0	0.0	0.0	0.0	0.0	0.0	0.0	0.0	0.0	0.0	0.0	0.0	0.0	0.0	0.0	0.0	0.0	0.0	0.0	0.0	0.0	0.0	0.0	0.0	0.0	0.0	0.0	0.0	0.0	0.0	0.0	0.0	0.0	0.0	0.0	0.0	0.0	0.0	0.0	0.0	0.0	0.0	0.0	0.0	0.0	0.0	0.0	0.0	0.0	0.0	0.0	0.0	0.0	0.0	0.0	
mean=0.0
p=0.05600000000000001
0.0	0.0	0.0	0.0	0.0	0.0	0.0	0.0	0.0	0.0	0.0	0.0	0.0	0.0	0.0	0.0	0.0	0.0	0.0	0.0	0.0	0.0	0.0	0.0	0.0	0.0	0.0	0.0	0.0	0.0	0.0	0.0	0.0	0.0	0.0	0.0	0.0	0.0	0.0	0.0	0.0	0.0	0.0	0.0	0.0	0.0	0.0	0.0	0.0	0.0	0.0	0.0	0.0	0.0	0.0	0.0	0.0	0.0	0.0	0.0	0.0	0.0	0.0	0.0	
mean=0.0
p=0.06000000000000001
0.0	0.48	0.0	0.0	0.0	0.0	0.0	0.0	0.0	0.0	0.0	0.0	0.0	0.0	0.0	0.0	0.0	0.0	0.0	0.0	0.0	0.0	0.0	0.0	0.0	0.0	0.0	0.0	0.0	0.0	0.0	0.0	0.0	0.0	0.0	0.0	0.0	0.0	0.0	0.0	0.0	0.0	0.0	0.0	0.5	0.0	0.0	0.0	0.0	0.0	0.34	0.46	0.0	0.0	0.0	0.0	0.0	0.0	0.0	0.0	0.0	0.0	0.0	0.0	
mean=0.0278125
p=0.06400000000000002
0.0	0.0	0.0	0.0	0.0	0.0	0.0	0.0	0.0	0.68	0.0	0.0	0.0	0.0	0.0	0.0	0.66	0.0	0.0	0.0	0.0	0.0	0.0	0.0	0.4	0.0	0.0	0.0	0.0	0.3	0.54	0.5	0.0	0.0	0.0	0.0	0.0	0.0	0.0	0.0	0.0	0.0	0.0	0.0	0.66	0.0	0.0	0.0	0.0	0.0	0.34	0.5	0.0	0.0	0.0	0.0	0.0	0.0	0.0	0.0	0.0	0.4	0.0	0.0	
mean=0.0778125
p=0.06800000000000002
0.0	0.0	0.0	0.56	0.0	0.0	0.0	0.0	0.0	0.0	0.0	0.0	0.0	0.0	0.0	0.0	0.0	0.48	0.74	0.78	0.0	0.0	0.32	0.0	0.0	0.0	0.72	0.0	0.0	0.0	0.48	0.0	0.58	0.46	0.0	0.0	0.46	0.0	0.38	0.52	0.0	0.06	0.0	0.0	0.0	0.64	0.64	0.0	0.0	0.0	0.0	0.0	0.0	0.0	0.0	0.64	0.0	0.0	0.74	0.44	0.48	0.0	0.0	0.0	
mean=0.158125
p=0.07200000000000002
0.8	0.0	0.68	0.72	0.56	0.82	0.0	0.0	0.56	0.0	0.0	0.56	0.68	0.26	0.88	0.44	0.76	0.7	0.84	0.76	0.0	0.0	0.56	0.0	0.34	0.46	0.0	0.36	0.24	0.0	0.76	0.0	0.52	0.0	0.64	0.0	0.0	0.0	0.56	0.74	0.64	0.0	0.0	0.0	0.56	0.66	0.4	0.0	0.8	0.0	0.0	0.0	0.56	0.0	0.0	0.9	0.64	0.0	0.86	0.0	0.7	0.58	0.0	0.7	
mean=0.36249999999999993
p=0.07600000000000003
0.6	0.56	0.84	0.0	0.88	0.72	0.86	0.52	0.0	0.74	0.0	0.0	0.9	0.84	0.78	0.0	0.0	0.74	0.78	0.54	0.78	0.0	0.8	0.44	0.0	0.0	0.8	0.86	0.0	0.72	0.0	0.78	0.0	0.46	0.0	0.64	0.0	0.76	0.68	0.0	0.0	0.66	0.7	0.52	0.6	0.0	0.8	0.36	0.92	0.52	0.72	0.0	0.72	0.76	0.8	0.0	0.66	0.7	0.0	0.0	0.66	0.9	0.72	0.62	
mean=0.47437500000000005
p=0.08000000000000002
0.84	0.76	0.72	0.86	0.7	0.52	0.8	0.66	0.7	0.52	0.66	0.78	0.86	0.88	0.84	0.0	0.82	0.8	0.0	0.84	0.9	0.84	0.9	0.6	0.82	0.62	0.76	0.72	0.68	0.94	0.8	0.9	0.76	0.7	0.74	0.8	0.74	0.84	0.88	0.0	0.62	0.82	0.86	0.9	0.8	0.0	0.76	0.0	0.68	0.58	0.6	0.68	0.72	0.9	0.84	0.76	0.7	0.44	0.48	0.58	0.88	0.72	0.58	0.62	
mean=0.6878124999999998
p=0.08400000000000002
0.86	0.7	0.88	0.68	0.72	0.86	0.68	0.94	0.8	0.78	0.84	0.6	0.78	0.78	0.92	0.0	0.58	0.94	0.96	0.92	0.88	0.82	0.88	0.88	0.82	0.86	0.78	0.82	0.8	0.9	0.86	0.88	0.0	0.74	0.82	0.78	0.88	0.74	0.7	0.88	0.46	0.0	0.68	0.8	0.74	0.78	0.64	0.76	0.86	0.72	0.8	0.76	0.8	0.0	0.72	0.86	0.8	0.76	0.46	0.88	0.86	0.82	0.9	0.8	
mean=0.7437499999999996
p=0.08800000000000002
0.88	0.78	0.78	0.8	0.74	0.9	0.74	0.84	0.38	0.74	0.92	0.88	0.94	0.74	0.86	0.7	0.8	0.9	0.92	0.72	0.84	0.76	0.62	0.84	0.84	0.9	0.92	0.92	0.94	0.84	0.9	0.88	0.88	0.96	0.84	0.8	0.78	0.78	0.74	0.58	0.82	0.88	0.82	0.84	0.86	0.94	0.9	0.8	0.82	0.86	0.88	0.64	0.78	0.62	0.76	0.82	0.94	0.86	0.66	0.88	0.9	0.92	0.84	0.94	
mean=0.8203125000000001
p=0.09200000000000003
0.92	0.86	0.5	0.94	0.78	0.86	0.72	0.92	0.92	0.92	0.94	0.98	0.98	0.9	0.8	0.72	0.8	0.84	0.84	1.0	0.94	0.9	0.96	0.66	0.96	0.88	0.86	0.88	0.94	0.86	0.88	0.78	0.78	0.94	0.86	0.82	0.86	0.92	0.84	0.72	0.88	0.8	0.9	0.9	0.82	0.8	0.84	0.84	0.88	0.92	0.78	0.86	0.9	0.92	0.86	0.92	0.62	0.86	0.8	0.58	0.7	0.82	0.74	0.94	
mean=0.8478125000000002
p=0.09600000000000003
0.88	0.98	0.92	0.98	0.96	0.92	0.86	0.94	0.92	0.9	0.92	0.8	0.9	0.9	0.86	0.9	0.98	0.74	0.84	0.94	1.0	0.94	0.88	0.86	0.98	0.82	0.86	0.92	0.76	0.94	0.5	0.8	0.96	0.9	1.0	0.94	0.88	0.96	0.88	0.82	0.92	0.9	0.96	0.86	0.88	0.94	0.94	0.92	0.96	0.92	0.88	0.86	0.98	0.94	0.9	0.9	0.94	0.9	0.96	0.74	0.92	0.9	0.9	0.96	
mean=0.8987500000000002
p=0.10000000000000003
0.74	0.92	0.94	0.86	0.8	1.0	0.92	0.9	0.82	0.94	0.96	0.92	0.94	0.96	0.9	0.9	0.82	0.94	0.82	0.88	0.94	0.94	0.82	0.88	0.78	0.92	0.88	0.68	0.96	0.92	0.78	0.92	1.0	0.94	0.96	0.96	1.0	0.94	0.94	1.0	0.94	0.84	0.96	0.9	0.98	0.86	0.94	0.9	0.9	0.96	0.94	0.96	0.98	0.88	0.82	0.96	0.86	1.0	0.9	0.86	0.96	0.9	0.94	0.88	
mean=0.9071874999999999
p=0.10400000000000004
0.94	0.9	0.86	0.9	1.0	0.98	0.98	0.96	0.94	0.82	0.96	0.8	0.92	0.96	1.0	0.96	0.96	0.9	0.86	0.94	0.96	0.98	0.8	0.94	0.86	0.96	0.96	0.98	0.94	0.98	0.94	0.88	0.92	1.0	0.88	0.92	0.94	0.9	0.98	0.9	0.9	0.86	0.98	0.9	0.94	0.92	0.82	0.86	0.9	0.98	0.92	1.0	0.88	0.86	0.96	0.9	0.92	0.94	0.9	0.9	1.0	0.94	0.92	0.88	
mean=0.9240624999999999
p=0.10800000000000004
0.94	0.94	0.96	0.92	0.98	0.94	0.88	0.9	0.96	0.96	0.96	0.9	0.9	0.96	0.98	0.98	0.94	0.98	0.96	0.9	1.0	0.94	0.96	0.94	0.88	0.98	1.0	1.0	0.94	0.88	0.98	0.94	0.94	0.96	0.96	0.98	0.94	0.92	0.94	0.92	0.96	0.98	1.0	0.96	1.0	0.96	0.94	0.96	1.0	0.88	0.96	0.96	0.94	0.74	0.94	0.96	0.98	0.94	0.94	0.94	0.96	0.88	0.94	0.92	
mean=0.945
p=0.11200000000000004
0.96	0.98	0.94	0.98	0.9	0.98	0.96	0.92	1.0	1.0	0.98	0.92	0.94	1.0	0.88	0.96	0.88	0.96	0.92	0.94	0.92	0.94	0.94	0.92	0.94	0.96	0.98	0.94	1.0	0.9	0.94	0.98	0.92	0.92	0.88	1.0	0.9	0.92	0.96	1.0	0.96	0.92	0.92	0.9	0.98	0.9	1.0	0.88	0.94	0.96	0.98	0.8	0.9	0.98	0.96	0.98	0.98	0.94	0.96	0.86	0.9	0.96	0.98	0.98	
mean=0.9434374999999999
p=0.11600000000000005
0.96	0.98	0.92	0.98	0.92	0.94	0.98	0.98	0.98	1.0	1.0	0.96	0.98	0.98	1.0	0.96	0.98	0.94	0.98	0.98	0.98	1.0	0.96	0.98	0.96	0.98	0.98	0.9	0.98	0.9	0.9	0.98	0.94	0.92	0.98	0.98	0.96	0.98	0.92	0.98	1.0	1.0	0.98	0.96	0.9	0.96	1.0	1.0	1.0	0.96	0.96	1.0	0.92	0.92	0.96	0.98	0.96	0.98	1.0	0.94	0.98	0.96	0.94	0.96	
mean=0.9653124999999998
