p=0.048
0.0	0.0	0.0	0.0	0.0	0.0	0.0	0.0	0.0	0.0	0.0	0.0	0.0	0.0	0.0	0.0	0.0	0.0	0.0	0.0	0.0	0.0	0.0	0.0	0.0	0.0	0.0	0.0	0.0	0.0	0.0	0.0	0.0	0.0	0.0	0.0	0.0	0.0	0.0	0.0	0.0	0.0	0.0	0.0	0.0	0.0	0.0	0.0	0.0	0.0	0.0	0.0	0.0	0.0	0.0	0.0	0.0	0.0	0.0	0.0	0.0	0.0	0.0	0.0	
mean=0.0
p=0.052000000000000005
0.0	0.0	0.0	0.0	0.0	0.0	0.0	0.0	0.0	0.0	0.0	0.0	0.0	0.0	0.0	0.0	0.0	0.0	0.0	0.0	0.0	0.0	0.0	0.0	0.0	0.0	0.0	0.0	0.0	0.0	0.0	0.0	0.0	0.0	0.0	0.0	0.0	0.0	0.0	0.0	0.0	0.0	0.0	0.0	0.0	0.0	0.0	0.0	0.0	0.0	0.0	0.0	0.0	0.0	0.0	0.0	0.0	0.0	0.0	0.0	0.0	0.0	0.0	0.0	
mean=0.0
p=0.05600000000000001
0.0	0.0	0.2	0.0	0.0	0.0	0.0	0.0	0.0	0.0	0.0	0.0	0.0	0.0	0.0	0.0	0.0	0.0	0.0	0.0	0.0	0.0	0.0	0.0	0.0	0.0	0.0	0.0	0.0	0.0	0.0	0.0	0.0	0.0	0.0	0.0	0.0	0.0	0.0	0.0	0.0	0.0	0.0	0.0	0.0	0.0	0.0	0.0	0.0	0.0	0.0	0.0	0.0	0.0	0.0	0.0	0.0	0.0	0.0	0.0	0.0	0.0	0.0	0.0	
mean=0.003125
p=0.06000000000000001
0.0	0.0	0.0	0.0	0.0	0.6	0.0	0.0	0.0	0.0	0.0	0.0	0.0	0.0	0.0	0.0	0.0	0.46	0.0	0.0	0.0	0.0	0.0	0.0	0.0	0.0	0.0	0.0	0.0	0.0	0.0	0.0	0.0	0.0	0.0	0.0	0.0	0.0	0.0	0.0	0.0	0.0	0.0	0.0	0.0	0.0	0.0	0.0	0.0	0.36	0.0	0.0	0.0	0.0	0.0	0.0	0.0	0.0	0.0	0.0	0.0	0.0	0.0	0.0	
mean=0.0221875
p=0.06400000000000002
0.84	0.0	0.0	0.0	0.0	0.0	0.0	0.0	0.0	0.46	0.0	0.0	0.0	0.0	0.0	0.0	0.0	0.0	0.0	0.0	0.0	0.0	0.0	0.0	0.0	0.0	0.0	0.0	0.0	0.0	0.0	0.72	0.0	0.0	0.0	0.0	0.0	0.0	0.58	0.0	0.68	0.68	0.0	0.0	0.0	0.56	0.56	0.0	0.0	0.0	0.48	0.4	0.0	0.0	0.0	0.38	0.0	0.0	0.0	0.0	0.0	0.0	0.0	0.0	
mean=0.09906250000000001
p=0.06800000000000002
0.88	0.78	0.0	0.0	0.0	0.24	0.72	0.0	0.34	0.0	0.7	0.7	0.0	0.0	0.64	0.8	0.0	0.0	0.0	0.0	0.0	0.0	0.0	0.0	0.0	0.0	0.0	0.0	0.0	0.0	0.0	0.0	0.0	0.48	0.0	0.6	0.0	0.0	0.0	0.0	0.42	0.0	0.0	0.0	0.56	0.0	0.6	0.0	0.0	0.0	0.68	0.78	0.0	0.74	0.68	0.0	0.0	0.0	0.62	0.88	0.74	0.46	0.0	0.46	
mean=0.2265625
p=0.07200000000000002
0.92	0.46	0.56	0.0	0.0	0.64	0.64	0.7	0.78	0.8	0.0	0.0	0.8	0.0	0.72	0.0	0.0	0.0	0.5	0.0	0.58	0.74	0.52	0.68	0.84	0.68	0.46	0.0	0.54	0.58	0.0	0.0	0.62	0.72	0.34	0.76	0.62	0.42	0.0	0.0	0.8	0.76	0.0	0.0	0.42	0.0	0.0	0.0	0.56	0.86	0.76	0.7	0.52	0.84	0.0	0.8	0.56	0.0	0.6	0.0	0.54	0.0	0.26	0.0	
mean=0.4000000000000001
p=0.07600000000000003
0.0	0.72	0.5	0.66	0.64	0.64	0.5	0.84	0.0	0.0	0.7	0.82	0.62	0.0	0.52	0.0	0.64	0.74	0.0	0.6	0.88	0.76	0.0	0.62	0.0	0.2	0.72	0.62	0.86	0.62	0.0	0.7	0.62	0.88	0.82	0.0	0.58	0.82	0.54	0.0	0.0	0.56	0.78	0.8	0.66	0.0	0.0	0.0	0.52	0.0	0.7	0.58	0.78	0.68	0.86	0.0	0.96	0.9	0.66	0.0	0.82	0.48	0.0	0.0	
mean=0.47062499999999985
p=0.08000000000000002
0.74	0.9	0.82	0.74	0.58	0.68	0.66	0.78	0.78	0.0	0.56	0.86	0.82	0.68	0.62	0.0	0.0	0.72	0.66	0.76	0.7	0.82	0.8	0.82	0.4	0.86	0.26	0.62	0.7	0.4	0.6	0.88	0.84	0.82	0.82	0.52	0.42	0.9	0.7	0.7	0.68	0.84	0.92	0.0	0.68	0.92	0.72	0.84	0.0	0.84	0.72	0.64	0.86	0.6	0.58	0.6	0.82	0.72	0.82	0.84	0.5	0.54	0.5	0.86	
mean=0.6559375000000001
p=0.08400000000000002
0.86	0.56	0.68	0.76	0.9	0.56	0.86	0.72	0.56	0.88	0.78	0.86	0.0	0.88	0.86	0.86	0.88	0.8	0.62	0.78	0.74	0.88	0.64	0.78	0.74	0.78	0.74	0.6	0.84	0.86	0.68	0.76	0.0	0.82	0.82	0.82	0.88	0.86	0.84	0.96	0.94	0.86	0.86	0.8	0.86	0.72	0.76	0.76	0.92	0.8	0.88	0.8	0.7	0.78	0.82	0.72	0.58	0.66	0.84	0.8	0.0	0.5	0.86	0.7	
mean=0.7440625
p=0.08800000000000002
0.86	0.76	0.84	0.94	0.92	0.92	0.92	0.9	0.88	0.9	0.9	0.88	0.8	0.76	0.62	0.88	0.9	0.74	0.82	0.84	0.86	0.82	0.46	0.86	0.0	0.84	0.76	0.92	0.94	0.84	0.82	0.84	0.86	0.88	0.82	0.74	0.86	0.5	0.84	0.78	0.86	0.9	0.92	0.9	0.88	0.92	0.82	0.72	0.92	0.88	0.9	0.82	0.62	0.92	0.92	0.66	0.84	0.86	0.7	0.74	0.88	0.86	0.96	0.76	
mean=0.8184375000000002
p=0.09200000000000003
0.88	0.96	0.82	0.92	0.84	0.8	0.7	0.9	0.9	0.56	0.7	0.62	0.94	0.9	0.9	0.96	0.86	0.72	0.98	0.74	0.8	0.96	0.98	0.86	0.72	0.94	0.78	0.78	0.8	0.82	0.86	0.9	0.96	0.94	0.78	0.84	0.8	0.84	0.9	0.96	0.98	0.86	0.84	0.94	0.82	0.92	0.82	0.92	0.64	0.9	0.98	0.9	0.92	0.94	0.94	0.78	0.9	0.96	0.84	0.88	0.86	0.78	0.96	0.84	
mean=0.8584375000000002
p=0.09600000000000003
0.34	0.94	0.98	0.9	0.84	0.82	0.92	0.96	0.9	0.94	0.84	0.92	0.94	0.94	0.94	0.8	0.9	0.92	0.8	0.98	0.88	0.66	0.86	0.86	0.96	0.8	0.88	0.96	0.94	0.96	0.9	0.84	0.86	0.84	0.84	0.88	0.82	0.92	0.94	0.96	0.9	0.92	0.88	0.94	0.92	0.84	0.76	0.66	0.8	0.94	0.92	0.94	0.92	0.88	0.84	0.94	0.88	0.84	0.94	0.9	0.94	0.94	0.94	1.0	
mean=0.8821874999999999
p=0.10000000000000003
0.98	0.98	0.96	0.8	0.86	0.92	0.98	0.92	0.96	0.94	0.78	0.9	0.96	0.92	0.98	0.8	0.92	0.78	0.98	1.0	0.92	0.94	0.98	0.98	0.96	0.94	0.88	0.94	0.86	0.94	0.9	0.74	0.98	0.88	0.9	0.88	0.92	0.94	1.0	0.94	0.88	0.88	0.86	0.98	1.0	0.94	0.72	0.9	0.88	0.96	0.92	0.88	0.84	0.92	0.96	0.8	0.9	0.94	0.94	0.66	0.92	0.9	0.96	0.9	
mean=0.9090625
p=0.10400000000000004
0.9	0.98	0.88	0.88	0.78	0.92	1.0	0.96	0.9	0.84	0.94	0.92	0.94	0.94	0.88	0.86	0.92	0.94	0.88	0.98	0.86	0.86	0.9	0.9	0.92	0.94	0.84	1.0	0.92	1.0	0.8	0.92	0.9	0.9	0.9	0.9	0.86	0.94	0.78	0.96	0.92	0.88	0.86	0.9	0.96	0.86	0.84	0.9	0.96	0.98	0.96	0.98	0.76	0.86	0.96	0.92	0.94	0.96	0.96	0.98	0.96	0.9	0.96	0.9	
mean=0.9109374999999998
p=0.10800000000000004
0.94	0.94	0.98	0.9	0.96	0.96	0.94	0.98	0.98	0.92	0.9	0.88	0.92	0.92	0.86	0.9	0.94	0.84	1.0	0.98	0.9	0.94	0.92	1.0	0.92	0.94	0.88	0.96	0.96	0.96	0.96	0.86	0.94	0.9	0.96	0.94	0.96	0.92	0.98	1.0	1.0	0.98	0.96	0.9	0.96	0.94	0.94	0.86	0.96	0.94	0.98	0.94	0.96	0.88	0.98	0.96	0.98	0.88	0.94	0.98	0.94	0.9	0.96	0.92	
mean=0.9387499999999998
p=0.11200000000000004
0.94	0.98	0.94	0.98	0.96	1.0	0.98	0.96	0.98	0.98	0.92	0.96	0.94	0.98	0.88	0.98	0.96	1.0	0.92	0.96	0.96	0.94	0.94	1.0	1.0	0.96	1.0	0.98	0.86	0.98	0.98	0.94	0.96	0.94	0.96	0.9	0.96	0.96	0.92	0.96	0.98	0.9	0.98	0.94	0.96	0.96	1.0	0.94	0.98	0.98	0.9	0.9	0.94	0.94	0.98	0.96	0.98	0.92	0.98	0.98	0.9	0.98	0.98	1.0	
mean=0.9571874999999995
