p=0.096
0.0	0.0	0.0	0.0	0.0	0.0	0.0	0.0	0.0	0.0	0.0	0.0	0.0	0.0	0.0	0.0	0.0	0.0	0.0	0.0	0.0	0.0	0.0	0.0	0.0	0.0	0.0	0.0	0.0	0.0	0.0	0.0	0.0	0.0	0.0	0.0	0.0	0.0	0.0	0.0	0.0	0.0	0.0	0.0	0.0	0.0	0.0	0.0	0.0	0.0	0.0	0.0	0.0	0.0	0.0	0.0	0.0	0.0	0.0	0.0	0.0	0.0	0.0	0.0	
mean=0.0
p=0.10400000000000001
0.0	0.0	0.0	0.0	0.0	0.0	0.0	0.0	0.0	0.0	0.0	0.0	0.0	0.0	0.0	0.0	0.0	0.0	0.0	0.0	0.0	0.0	0.0	0.0	0.0	0.0	0.0	0.0	0.0	0.0	0.0	0.0	0.0	0.0	0.0	0.0	0.0	0.0	0.0	0.0	0.0	0.0	0.0	0.0	0.0	0.0	0.0	0.0	0.0	0.0	0.0	0.0	0.0	0.0	0.0	0.0	0.0	0.0	0.0	0.0	0.0	0.0	0.0	0.0	
mean=0.0
p=0.11200000000000002
0.0	0.0	0.0	0.0	0.0	0.0	0.0	0.0	0.0	0.0	0.0	0.0	0.0	0.0	0.0	0.0	0.0	0.0	0.0	0.0	0.0	0.0	0.0	0.0	0.0	0.0	0.0	0.0	0.0	0.0	0.0	0.0	0.0	0.0	0.0	0.0	0.0	0.0	0.0	0.0	0.0	0.0	0.0	0.0	0.0	0.0	0.0	0.0	0.0	0.0	0.0	0.0	0.0	0.0	0.0	0.0	0.0	0.0	0.0	0.0	0.0	0.0	0.0	0.0	
mean=0.0
p=0.12000000000000002
0.0	0.0	0.0	0.0	0.0	0.0	0.0	0.0	0.0	0.0	0.0	0.0	0.0	0.0	0.0	0.0	0.0	0.0	0.0	0.0	0.0	0.0	0.0	0.0	0.86	0.0	0.0	0.0	0.0	0.0	0.0	0.0	0.0	0.0	0.0	0.0	0.0	0.0	0.0	0.0	0.0	0.0	0.0	0.0	0.0	0.0	0.0	0.0	0.0	0.0	0.0	0.0	0.0	0.0	0.0	0.0	0.0	0.0	0.0	0.0	0.0	0.0	0.0	0.0	
mean=0.0134375
p=0.12800000000000003
0.0	0.0	0.0	0.0	0.0	0.0	0.0	0.8	0.0	0.0	0.0	0.0	0.0	0.0	0.0	0.0	0.0	0.0	0.0	0.0	0.0	0.0	0.0	0.0	0.0	0.0	0.0	0.0	0.0	0.0	0.0	0.0	0.0	0.0	0.0	0.0	0.72	0.0	0.0	0.0	0.78	0.0	0.0	0.0	0.0	0.0	0.0	0.0	0.0	0.0	0.86	0.0	0.0	0.0	0.0	0.0	0.0	0.0	0.0	0.0	0.0	0.0	0.0	0.0	
mean=0.049374999999999995
p=0.13600000000000004
0.94	0.0	0.0	0.0	0.0	0.82	0.0	0.0	0.0	0.0	0.82	0.0	0.0	0.0	0.0	0.78	0.0	0.84	0.82	0.0	0.88	0.0	0.0	0.0	0.0	0.0	0.92	0.0	0.0	0.0	0.0	0.0	0.0	0.0	0.0	0.0	0.0	0.0	0.0	0.72	0.0	0.9	0.0	0.0	0.0	0.0	0.0	0.0	0.0	0.72	0.0	0.0	0.0	0.0	0.0	0.0	0.0	0.0	0.0	0.92	0.0	0.0	0.0	0.0	
mean=0.1575
p=0.14400000000000004
0.8	0.9	0.0	0.0	0.96	0.8	0.0	0.82	0.0	0.88	0.88	0.0	0.7	0.82	0.68	0.0	0.9	0.94	0.0	0.9	0.92	0.0	0.0	0.0	0.0	0.84	0.0	0.88	0.0	0.88	0.86	0.0	0.92	0.0	0.0	0.86	0.62	0.0	0.0	0.0	0.84	0.0	0.82	0.94	0.8	0.0	0.96	0.0	0.8	1.0	0.92	0.66	0.0	0.74	0.92	0.0	0.78	0.8	0.0	0.84	0.88	0.0	0.72	0.9	
mean=0.5012500000000001
p=0.15200000000000005
0.9	0.96	0.9	0.82	0.9	0.88	0.98	1.0	0.98	0.0	0.82	0.92	0.84	0.76	0.98	0.58	0.88	0.86	0.94	0.86	0.82	0.74	0.96	0.82	0.88	0.92	0.92	0.9	0.94	0.84	0.74	0.96	0.84	0.92	0.7	0.88	0.92	0.0	0.78	0.88	0.0	0.98	0.82	0.94	0.96	0.92	0.68	0.0	0.0	0.74	0.94	0.96	0.9	0.0	0.66	0.82	0.82	0.88	0.92	0.88	0.84	0.68	0.78	0.96	
mean=0.7843750000000002
p=0.16000000000000003
0.92	0.96	0.98	0.96	0.74	0.96	0.9	0.9	0.92	0.0	0.94	0.0	0.0	0.9	0.0	0.94	0.64	0.78	0.9	0.92	0.84	0.78	0.98	0.0	0.92	0.92	0.86	0.88	0.96	0.9	0.98	0.0	0.98	0.92	0.94	0.88	0.96	0.9	0.96	0.88	0.9	0.92	0.94	0.66	0.82	0.98	0.98	0.96	0.9	0.86	0.88	0.84	0.9	0.9	0.96	0.92	0.84	0.72	0.9	0.92	0.0	0.86	0.0	0.96	
mean=0.7846875
p=0.16800000000000004
0.94	0.96	0.94	1.0	0.94	0.92	1.0	0.94	0.96	0.96	0.96	0.98	1.0	1.0	0.96	0.8	0.98	0.96	1.0	0.88	0.98	0.88	0.96	0.9	0.94	0.88	0.92	0.92	0.98	0.94	0.98	0.9	0.92	0.88	0.94	0.8	0.94	0.9	0.94	0.96	0.96	0.94	0.92	0.94	0.98	0.88	0.96	0.94	0.84	0.94	0.94	0.96	0.98	0.84	0.92	0.92	0.98	0.72	0.92	0.94	0.92	0.92	0.9	0.96	
mean=0.9321875
p=0.17600000000000005
0.96	1.0	0.96	0.88	0.98	0.98	0.96	0.98	0.82	1.0	1.0	0.98	0.94	0.88	0.98	0.94	0.98	0.98	0.96	0.94	0.96	0.98	0.98	1.0	0.94	0.98	1.0	0.98	0.98	0.98	0.96	0.96	0.92	0.98	0.96	0.92	0.86	0.92	0.98	0.96	0.98	0.9	0.98	0.98	0.92	0.96	0.96	0.94	0.98	0.86	0.98	0.9	0.96	0.98	1.0	0.98	0.94	0.98	0.92	0.94	0.92	0.98	1.0	0.94	
mean=0.9559374999999997
