p=0.048
0.0	0.0	0.0	0.0	0.0	0.0	0.0	0.0	0.0	0.0	0.0	0.0	0.0	0.0	0.0	0.0	0.0	0.0	0.0	0.0	0.0	0.0	0.0	0.0	0.0	0.0	0.0	0.0	0.0	0.0	0.0	0.0	0.0	0.0	0.0	0.0	0.0	0.0	0.0	0.0	0.0	0.0	0.0	0.0	0.0	0.0	0.0	0.0	0.0	0.0	0.0	0.0	0.0	0.0	0.0	0.0	0.0	0.0	0.0	0.0	0.0	0.0	0.0	0.0	
mean=0.0
p=0.052000000000000005
0.0	0.0	0.0	0.0	0.0	0.0	0.0	0.0	0.0	0.0	0.0	0.0	0.0	0.0	0.0	0.0	0.0	0.0	0.0	0.0	0.0	0.0	0.0	0.0	0.0	0.0	0.0	0.0	0.0	0.0	0.0	0.0	0.0	0.0	0.0	0.0	0.0	0.0	0.0	0.0	0.0	0.0	0.0	0.0	0.0	0.0	0.0	0.0	0.0	0.0	0.0	0.0	0.0	0.0	0.0	0.0	0.0	0.0	0.0	0.0	0.0	0.0	0.0	0.0	
mean=0.0
p=0.05600000000000001
0.0	0.0	0.0	0.0	0.0	0.0	0.0	0.0	0.0	0.0	0.0	0.0	0.0	0.0	0.0	0.0	0.0	0.0	0.0	0.0	0.0	0.0	0.0	0.0	0.0	0.0	0.0	0.0	0.0	0.0	0.0	0.0	0.0	0.0	0.0	0.0	0.0	0.0	0.0	0.0	0.0	0.0	0.0	0.0	0.0	0.0	0.0	0.0	0.0	0.0	0.0	0.0	0.0	0.0	0.0	0.0	0.0	0.0	0.0	0.0	0.0	0.0	0.0	0.0	
mean=0.0
p=0.06000000000000001
0.0	0.0	0.0	0.0	0.0	0.0	0.0	0.0	0.0	0.0	0.0	0.0	0.0	0.0	0.0	0.0	0.0	0.0	0.0	0.0	0.0	0.0	0.0	0.0	0.0	0.0	0.72	0.0	0.0	0.52	0.0	0.0	0.0	0.0	0.0	0.0	0.0	0.0	0.0	0.0	0.0	0.0	0.0	0.0	0.0	0.0	0.0	0.0	0.2	0.0	0.0	0.0	0.0	0.0	0.0	0.0	0.0	0.0	0.0	0.0	0.0	0.0	0.0	0.0	
mean=0.0225
p=0.06400000000000002
0.0	0.0	0.0	0.0	0.0	0.0	0.0	0.34	0.0	0.0	0.7	0.0	0.0	0.64	0.0	0.0	0.0	0.0	0.58	0.56	0.0	0.0	0.0	0.0	0.64	0.46	0.0	0.0	0.68	0.0	0.0	0.44	0.0	0.0	0.0	0.0	0.0	0.62	0.0	0.0	0.0	0.0	0.0	0.0	0.0	0.0	0.0	0.0	0.0	0.44	0.58	0.0	0.0	0.0	0.72	0.0	0.46	0.0	0.0	0.0	0.0	0.0	0.0	0.64	
mean=0.13281250000000003
p=0.06800000000000002
0.46	0.0	0.0	0.0	0.0	0.0	0.0	0.0	0.0	0.0	0.78	0.0	0.0	0.32	0.0	0.44	0.0	0.0	0.0	0.0	0.0	0.24	0.76	0.0	0.5	0.64	0.0	0.0	0.46	0.0	0.74	0.36	0.76	0.56	0.0	0.0	0.0	0.0	0.46	0.0	0.0	0.0	0.0	0.84	0.0	0.24	0.7	0.0	0.6	0.0	0.58	0.64	0.0	0.0	0.0	0.0	0.5	0.0	0.0	0.0	0.0	0.0	0.0	0.0	
mean=0.1809375
p=0.07200000000000002
0.0	0.0	0.6	0.58	0.58	0.0	0.34	0.5	0.0	0.0	0.62	0.0	0.52	0.34	0.0	0.68	0.72	0.68	0.0	0.82	0.66	0.46	0.0	0.52	0.82	0.42	0.74	0.76	0.0	0.5	0.0	0.62	0.78	0.0	0.78	0.6	0.88	0.0	0.0	0.58	0.62	0.32	0.62	0.76	0.38	0.0	0.48	0.0	0.0	0.8	0.8	0.62	0.0	0.62	0.0	0.0	0.0	0.6	0.48	0.0	0.0	0.48	0.62	0.0	
mean=0.3796875000000001
p=0.07600000000000003
0.52	0.76	0.0	0.8	0.32	0.0	0.4	0.64	0.62	0.0	0.0	0.64	0.0	0.66	0.0	0.84	0.8	0.74	0.64	0.0	0.0	0.34	0.84	0.7	0.46	0.0	0.46	0.62	0.46	0.8	0.0	0.5	0.7	0.54	0.54	0.0	0.72	0.86	0.76	0.86	0.0	0.0	0.88	0.74	0.7	0.0	0.0	0.88	0.54	0.0	0.0	0.0	0.7	0.56	0.0	0.64	0.0	0.0	0.84	0.92	0.7	0.0	0.0	0.0	
mean=0.4162499999999999
p=0.08000000000000002
0.9	0.78	0.84	0.84	0.0	0.7	0.58	0.68	0.72	0.66	0.0	0.82	0.9	0.68	0.88	0.84	0.86	0.82	0.76	0.88	0.72	0.88	0.8	0.8	0.86	0.54	0.8	0.46	0.72	0.88	0.0	0.74	0.6	0.68	0.66	0.6	0.82	0.86	0.52	0.66	0.94	0.5	0.58	0.84	0.8	0.48	0.58	0.78	0.58	0.96	0.84	0.0	0.92	0.0	0.66	0.6	0.76	0.62	0.72	0.8	0.42	0.78	0.34	0.52	
mean=0.6681250000000001
p=0.08400000000000002
0.72	0.82	0.38	0.88	0.82	0.94	0.76	0.8	0.82	0.88	0.0	0.94	0.3	0.86	0.58	0.8	0.92	0.84	0.92	0.78	0.84	0.9	0.82	0.94	0.88	0.54	0.8	0.82	0.86	0.6	0.78	0.58	0.76	0.78	0.96	0.9	0.62	0.96	0.82	0.78	0.78	0.86	0.7	0.86	0.6	0.58	0.66	0.86	0.82	0.74	0.84	1.0	0.72	0.86	0.68	0.84	0.38	0.66	0.0	0.58	0.9	0.74	0.74	0.0	
mean=0.7359375000000002
p=0.08800000000000002
0.88	0.0	0.86	0.92	0.76	0.88	0.86	0.88	0.7	0.86	0.9	0.68	0.88	0.92	0.36	0.9	0.8	0.94	0.82	0.74	0.84	0.76	0.58	0.88	0.8	0.82	0.96	0.84	0.62	0.9	0.88	0.92	0.72	0.62	0.8	0.86	0.74	0.66	0.9	0.74	0.78	0.88	0.92	0.76	0.92	0.82	0.9	0.9	0.9	0.88	0.9	0.9	0.94	0.7	0.88	0.88	0.82	0.8	0.78	0.9	0.0	0.82	0.92	0.82	
mean=0.7984375
p=0.09200000000000003
0.86	0.88	0.88	0.92	0.86	0.96	0.84	0.94	0.94	0.76	0.94	0.8	0.8	0.9	0.84	0.92	0.9	0.9	0.92	0.78	0.88	0.84	0.88	0.92	0.9	0.74	0.94	0.92	0.88	0.82	0.88	0.94	0.92	0.84	0.88	0.88	0.94	0.82	0.86	0.86	0.82	0.82	0.68	0.78	0.92	0.9	0.94	0.8	0.72	0.86	0.92	0.9	0.94	0.82	0.56	0.88	0.88	0.92	0.7	0.82	0.84	0.88	0.84	0.9	
mean=0.8612500000000002
p=0.09600000000000003
0.86	0.94	0.9	0.94	0.92	0.78	0.86	0.82	0.84	0.92	0.84	0.92	0.88	0.9	0.84	0.92	0.82	0.92	0.92	0.88	1.0	0.94	0.94	0.76	0.92	0.86	0.84	0.88	0.96	0.94	0.9	1.0	0.94	0.86	0.92	0.98	0.84	0.9	0.9	0.9	0.88	0.92	0.94	0.9	0.98	0.92	0.76	0.9	0.92	0.9	0.94	0.86	0.94	0.84	0.92	0.88	0.92	0.88	0.92	0.9	0.98	0.94	0.88	0.9	
mean=0.89875
p=0.10000000000000003
0.78	0.96	0.96	0.86	0.96	0.88	0.76	0.82	0.88	0.94	0.98	0.96	0.96	0.88	0.9	0.94	0.92	0.94	0.78	0.94	0.82	0.9	0.96	0.98	0.9	0.86	0.94	0.76	0.88	0.9	0.98	0.92	0.9	0.82	0.8	0.96	0.88	0.88	0.9	0.94	0.94	1.0	0.9	0.9	0.94	0.92	0.88	0.9	0.86	0.92	0.98	0.94	0.88	0.86	0.82	0.8	0.94	0.88	0.94	0.86	0.86	0.9	0.84	0.94	
mean=0.8981249999999998
p=0.10400000000000004
0.86	0.96	0.9	0.9	0.94	0.94	0.94	0.96	0.96	0.86	0.98	0.9	0.88	1.0	0.86	0.84	1.0	0.96	0.9	0.94	0.9	0.86	0.92	0.96	0.92	0.96	0.96	0.98	0.9	0.96	0.96	0.96	0.86	0.86	0.92	0.94	0.9	0.78	0.94	0.82	0.82	0.96	0.98	0.86	0.98	0.92	0.88	0.96	0.88	0.9	0.92	0.96	0.8	0.84	0.96	0.98	0.96	0.94	0.86	0.94	0.92	0.96	1.0	1.0	
mean=0.920625
p=0.10800000000000004
0.92	0.98	0.92	0.94	0.94	0.92	0.98	0.9	0.96	0.9	0.96	0.92	0.9	0.88	0.94	0.92	0.98	1.0	0.9	0.94	0.96	0.98	0.92	0.96	0.96	0.94	0.92	0.9	0.94	0.94	0.84	0.96	0.94	0.94	0.92	0.84	0.92	0.94	0.94	0.96	0.96	0.92	0.94	0.9	0.96	0.98	0.96	0.94	0.96	0.88	0.94	0.82	0.98	0.86	0.98	0.92	0.92	0.96	0.94	0.98	0.94	0.88	1.0	0.96	
mean=0.9343750000000001
p=0.11200000000000004
0.92	0.98	0.94	0.96	0.98	0.98	0.98	0.96	0.98	1.0	0.92	1.0	0.98	0.94	1.0	0.92	0.9	1.0	0.92	0.96	0.96	0.92	0.96	0.98	0.92	0.96	0.92	0.96	0.96	0.98	0.96	0.98	0.94	0.98	0.92	0.84	0.98	1.0	0.92	0.94	0.98	0.86	0.92	0.92	1.0	0.96	0.96	0.98	0.94	0.98	0.98	0.9	1.0	0.96	0.94	0.98	0.96	0.98	0.88	0.96	1.0	0.94	0.96	0.96	
mean=0.9546875
