p=0.048
0.0	0.0	0.0	0.0	0.0	0.0	0.0	0.0	0.0	0.0	0.0	0.0	0.0	0.0	0.0	0.0	0.0	0.0	0.0	0.0	0.0	0.0	0.0	0.0	0.0	0.0	0.0	0.0	0.0	0.0	0.0	0.0	0.0	0.0	0.0	0.0	0.0	0.0	0.0	0.0	0.0	0.0	0.0	0.0	0.0	0.0	0.0	0.0	0.0	0.0	0.0	0.0	0.0	0.0	0.0	0.0	0.0	0.0	0.0	0.0	0.0	0.0	0.0	0.0	
mean=0.0
p=0.052000000000000005
0.0	0.0	0.0	0.0	0.0	0.0	0.0	0.0	0.0	0.0	0.0	0.0	0.0	0.0	0.0	0.0	0.0	0.0	0.0	0.0	0.0	0.0	0.0	0.0	0.0	0.0	0.06	0.0	0.0	0.0	0.0	0.0	0.0	0.0	0.0	0.0	0.0	0.0	0.0	0.0	0.0	0.0	0.0	0.0	0.0	0.0	0.0	0.0	0.0	0.0	0.0	0.0	0.0	0.0	0.0	0.0	0.0	0.0	0.0	0.0	0.0	0.0	0.0	0.0	
mean=9.375E-4
p=0.05600000000000001
0.0	0.0	0.0	0.0	0.0	0.0	0.0	0.0	0.0	0.0	0.0	0.0	0.0	0.0	0.0	0.0	0.0	0.0	0.0	0.0	0.0	0.0	0.0	0.0	0.0	0.0	0.0	0.0	0.0	0.0	0.0	0.0	0.0	0.0	0.0	0.0	0.0	0.0	0.0	0.0	0.0	0.0	0.0	0.0	0.0	0.0	0.0	0.0	0.0	0.0	0.0	0.0	0.0	0.0	0.0	0.0	0.0	0.0	0.0	0.0	0.0	0.0	0.0	0.0	
mean=0.0
p=0.06000000000000001
0.0	0.0	0.44	0.0	0.0	0.0	0.0	0.0	0.0	0.0	0.0	0.0	0.0	0.0	0.0	0.0	0.0	0.0	0.58	0.0	0.0	0.0	0.0	0.0	0.66	0.0	0.0	0.0	0.0	0.0	0.0	0.0	0.0	0.0	0.0	0.0	0.0	0.0	0.0	0.0	0.0	0.0	0.0	0.0	0.0	0.0	0.0	0.0	0.0	0.0	0.0	0.0	0.0	0.0	0.0	0.0	0.0	0.0	0.0	0.0	0.0	0.0	0.0	0.0	
mean=0.026250000000000002
p=0.06400000000000002
0.0	0.0	0.0	0.0	0.0	0.0	0.0	0.0	0.0	0.0	0.48	0.0	0.48	0.44	0.0	0.0	0.54	0.0	0.0	0.0	0.0	0.0	0.0	0.0	0.26	0.0	0.56	0.0	0.38	0.0	0.36	0.0	0.0	0.0	0.0	0.0	0.62	0.0	0.0	0.0	0.0	0.0	0.0	0.0	0.0	0.0	0.5	0.54	0.0	0.34	0.62	0.0	0.0	0.0	0.0	0.0	0.0	0.0	0.0	0.0	0.7	0.0	0.0	0.0	
mean=0.1065625
p=0.06800000000000002
0.0	0.0	0.56	0.0	0.46	0.0	0.0	0.0	0.0	0.0	0.44	0.0	0.0	0.0	0.74	0.58	0.0	0.0	0.0	0.0	0.48	0.0	0.0	0.72	0.0	0.0	0.0	0.66	0.0	0.0	0.0	0.64	0.6	0.0	0.0	0.0	0.0	0.0	0.0	0.0	0.0	0.58	0.84	0.0	0.0	0.0	0.56	0.0	0.0	0.54	0.0	0.52	0.52	0.74	0.72	0.0	0.0	0.0	0.76	0.0	0.0	0.0	0.46	0.76	
mean=0.20124999999999998
p=0.07200000000000002
0.78	0.0	0.72	0.0	0.0	0.0	0.0	0.32	0.0	0.62	0.76	0.0	0.0	0.0	0.0	0.84	0.72	0.76	0.0	0.0	0.86	0.5	0.0	0.0	0.0	0.0	0.48	0.48	0.46	0.0	0.72	0.66	0.6	0.68	0.72	0.38	0.0	0.74	0.0	0.78	0.0	0.44	0.0	0.0	0.72	0.0	0.8	0.6	0.0	0.0	0.86	0.0	0.0	0.54	0.64	0.52	0.78	0.64	0.0	0.72	0.0	0.0	0.0	0.74	
mean=0.33718750000000003
p=0.07600000000000003
0.76	0.78	0.62	0.7	0.7	0.84	0.0	0.72	0.68	0.76	0.0	0.0	0.76	0.0	0.5	0.0	0.0	0.0	0.44	0.74	0.94	0.6	0.0	0.6	0.48	0.64	0.38	0.0	0.64	0.42	0.6	0.7	0.0	0.0	0.64	0.0	0.46	0.84	0.76	0.84	0.0	0.0	0.64	0.26	0.62	0.0	0.7	0.72	0.52	0.48	0.48	0.7	0.0	0.72	0.0	0.42	0.0	0.92	0.8	0.0	0.58	0.76	0.0	0.0	
mean=0.4353125000000001
p=0.08000000000000002
0.82	0.72	0.88	0.0	0.38	0.68	0.86	0.72	0.64	0.8	0.82	0.66	0.68	0.72	0.54	0.0	0.72	0.84	0.86	0.76	0.7	0.8	0.88	0.8	0.76	0.72	0.72	0.76	0.86	0.0	0.58	0.86	0.76	0.92	0.86	0.56	0.88	0.82	0.72	0.74	0.72	0.0	0.8	0.7	0.5	0.62	0.42	0.0	0.86	0.38	0.62	0.84	0.68	0.82	0.94	0.8	0.0	0.86	0.8	0.84	0.84	0.46	0.7	0.94	
mean=0.6709375000000001
p=0.08400000000000002
0.0	0.84	0.0	0.96	0.88	0.8	0.82	0.92	0.68	0.76	0.8	0.78	0.66	0.62	0.9	0.68	0.82	0.86	0.74	0.86	0.8	0.82	0.76	0.74	0.8	0.78	0.5	0.82	0.88	0.5	0.72	0.78	0.9	0.7	0.74	0.82	0.92	0.66	0.84	0.54	0.0	0.92	0.6	0.84	0.48	0.64	0.66	0.92	0.66	0.0	0.8	0.74	0.7	0.78	0.66	0.78	0.8	0.84	0.82	0.64	0.56	0.82	0.78	0.0	
mean=0.7006249999999999
p=0.08800000000000002
0.86	0.94	0.8	0.94	0.82	0.8	0.8	0.9	0.82	0.84	0.92	0.9	0.92	0.62	0.88	0.8	0.84	0.72	0.9	0.76	0.88	0.84	0.88	0.68	0.88	0.92	0.9	0.8	0.84	0.76	0.86	0.9	0.9	0.94	0.9	0.76	0.86	0.94	0.82	0.8	0.92	0.94	0.82	0.8	0.62	0.88	0.9	0.78	0.76	0.84	0.78	0.68	0.88	0.9	0.9	0.9	0.62	0.84	0.84	0.78	0.84	0.98	0.82	0.84	
mean=0.8390625
p=0.09200000000000003
0.84	0.88	0.92	0.96	0.7	0.82	0.92	0.94	0.92	0.9	0.94	0.7	0.74	0.94	0.96	0.76	0.76	0.9	0.94	0.86	0.78	0.9	0.98	0.94	0.92	0.88	0.88	0.94	0.92	0.94	0.68	0.88	0.9	0.96	0.88	0.78	0.86	0.72	0.88	0.8	0.88	0.86	0.92	0.96	0.9	0.72	0.92	0.92	0.9	0.94	0.96	0.88	0.98	0.9	0.9	0.82	0.88	0.86	0.64	0.8	0.92	0.88	0.9	0.9	
mean=0.8728125
p=0.09600000000000003
0.94	0.72	0.92	0.9	0.96	0.98	0.82	0.62	0.84	0.96	0.86	0.84	0.72	0.88	0.92	0.9	0.76	0.9	0.88	0.9	0.6	0.72	0.96	0.82	0.96	0.9	0.82	0.84	0.8	0.86	0.82	0.76	0.98	0.94	0.98	0.84	0.92	0.82	0.78	0.9	0.92	0.9	0.9	0.9	0.86	0.86	0.84	0.84	0.76	0.82	0.82	0.9	0.82	0.8	0.92	0.92	0.88	0.86	0.88	0.88	0.96	0.98	0.8	0.92	
mean=0.8621875000000001
p=0.10000000000000003
0.9	0.94	0.88	0.88	0.96	0.8	0.94	0.86	0.88	0.88	0.88	0.94	0.92	0.92	0.88	0.88	0.96	0.98	0.96	0.94	0.96	0.82	0.84	0.8	0.9	0.8	0.96	0.96	0.9	0.98	0.92	0.7	0.92	0.98	0.92	0.94	0.96	0.94	0.94	0.94	0.76	0.92	0.86	0.96	0.96	0.98	0.94	0.92	0.9	0.74	0.82	0.7	0.82	0.9	0.96	0.86	0.9	0.92	0.96	0.96	0.92	0.74	0.92	0.9	
mean=0.8981250000000002
p=0.10400000000000004
0.86	0.98	0.92	0.88	0.96	0.92	0.86	0.98	0.96	0.92	0.96	0.92	0.96	0.94	0.94	0.9	0.94	0.92	0.92	0.98	0.96	0.94	0.88	0.94	0.88	0.96	0.88	0.86	0.98	0.92	0.98	0.9	0.94	0.98	0.94	0.98	0.96	1.0	0.96	0.94	0.98	0.96	0.88	1.0	0.9	0.96	0.94	0.94	1.0	0.98	0.92	0.9	0.88	0.94	0.98	0.98	0.96	0.94	0.84	0.96	0.94	0.9	0.94	0.98	
mean=0.9374999999999997
p=0.10800000000000004
0.98	0.94	0.96	0.98	0.86	0.98	0.94	0.94	0.92	0.92	0.96	0.98	0.96	0.98	0.94	1.0	0.96	0.86	0.96	0.94	0.96	0.98	0.92	0.96	0.96	0.94	0.88	0.96	0.96	0.9	0.96	0.96	1.0	1.0	1.0	0.98	0.96	0.92	0.96	0.98	0.96	1.0	0.78	0.94	0.98	0.8	0.98	1.0	0.94	0.96	0.9	0.84	0.92	0.94	0.9	0.88	1.0	0.8	0.94	0.98	0.94	0.92	0.92	1.0	
mean=0.9424999999999999
p=0.11200000000000004
0.9	0.92	0.96	0.98	0.9	0.88	0.92	0.98	0.94	0.94	0.98	0.92	0.92	0.96	0.94	0.9	0.88	1.0	0.98	0.98	0.96	0.92	0.98	0.98	0.96	0.96	0.94	0.96	1.0	0.92	0.96	1.0	0.96	0.96	0.92	1.0	0.98	0.94	0.9	0.94	0.88	0.96	0.96	0.98	0.96	1.0	1.0	0.98	0.94	0.96	0.9	0.96	0.96	1.0	0.94	0.94	1.0	0.96	1.0	0.96	0.94	0.92	0.96	0.98	
mean=0.9524999999999999
