p=0.096
0.0	0.0	0.0	0.0	0.0	0.0	0.0	0.0	0.0	0.0	0.0	0.0	0.0	0.0	0.0	0.0	0.0	0.0	0.0	0.0	0.0	0.0	0.0	0.0	0.0	0.0	0.0	0.0	0.0	0.0	0.0	0.0	0.0	0.0	0.0	0.0	0.0	0.0	0.0	0.0	0.0	0.0	0.0	0.0	0.0	0.0	0.0	0.0	0.0	0.0	0.0	0.0	0.0	0.0	0.0	0.0	0.0	0.0	0.0	0.0	0.0	0.0	0.0	0.0	
mean=0.0
p=0.10400000000000001
0.0	0.0	0.0	0.0	0.0	0.0	0.0	0.0	0.0	0.0	0.0	0.0	0.0	0.0	0.0	0.0	0.0	0.0	0.0	0.0	0.0	0.0	0.0	0.0	0.0	0.0	0.0	0.0	0.0	0.0	0.0	0.0	0.0	0.0	0.0	0.0	0.0	0.0	0.0	0.0	0.0	0.0	0.0	0.0	0.0	0.0	0.0	0.0	0.0	0.0	0.0	0.0	0.0	0.0	0.0	0.0	0.0	0.0	0.0	0.0	0.0	0.0	0.0	0.0	
mean=0.0
p=0.11200000000000002
0.0	0.0	0.0	0.0	0.0	0.0	0.0	0.0	0.0	0.0	0.0	0.0	0.0	0.0	0.0	0.0	0.0	0.0	0.0	0.0	0.0	0.0	0.0	0.0	0.0	0.0	0.0	0.0	0.0	0.0	0.0	0.0	0.0	0.0	0.0	0.0	0.0	0.0	0.0	0.0	0.0	0.0	0.0	0.0	0.0	0.0	0.0	0.0	0.0	0.0	0.0	0.0	0.0	0.0	0.0	0.0	0.0	0.0	0.0	0.0	0.0	0.0	0.0	0.0	
mean=0.0
p=0.12000000000000002
0.0	0.0	0.0	0.0	0.0	0.0	0.0	0.0	0.0	0.0	0.0	0.0	0.0	0.0	0.0	0.0	0.0	0.0	0.0	0.0	0.0	0.0	0.0	0.0	0.0	0.0	0.0	0.0	0.0	0.0	0.0	0.0	0.0	0.0	0.0	0.0	0.0	0.0	0.0	0.0	0.0	0.0	0.0	0.0	0.0	0.0	0.0	0.0	0.0	0.0	0.0	0.0	0.0	0.0	0.0	0.0	0.0	0.0	0.0	0.0	0.0	0.0	0.0	0.0	
mean=0.0
p=0.12800000000000003
0.72	0.0	0.0	0.0	0.0	0.0	0.0	0.0	0.0	0.0	0.0	0.0	0.0	0.88	0.0	0.0	0.0	0.0	0.0	0.0	0.72	0.0	0.0	0.0	0.0	0.0	0.0	0.0	0.0	0.0	0.0	0.0	0.0	0.0	0.0	0.0	0.0	0.0	0.0	0.0	0.0	0.0	0.0	0.0	0.0	0.0	0.0	0.0	0.0	0.0	0.0	0.0	0.0	0.0	0.0	0.0	0.0	0.0	0.0	0.0	0.0	0.0	0.0	0.0	
mean=0.036250000000000004
p=0.13600000000000004
0.94	0.0	0.58	0.74	0.0	0.0	0.0	0.0	0.0	0.0	0.0	0.0	0.0	0.0	0.0	0.0	0.0	0.0	0.0	0.0	0.0	0.0	0.0	0.0	0.8	0.0	0.0	0.0	0.0	0.0	0.0	0.0	0.0	0.0	0.66	0.0	0.68	0.0	0.0	0.0	0.68	0.64	0.72	0.76	0.0	0.64	0.0	0.0	0.0	0.0	0.0	0.0	0.0	0.72	0.0	0.0	0.0	0.82	0.0	0.0	0.88	0.0	0.82	0.0	
mean=0.173125
p=0.14400000000000004
0.78	0.9	0.0	0.74	0.96	0.0	0.52	0.94	0.0	0.0	0.84	0.82	0.82	0.86	0.74	0.88	0.76	0.0	0.0	0.98	0.0	0.92	0.86	0.9	0.88	0.9	0.82	0.86	0.0	0.9	0.58	0.0	0.8	0.0	0.96	0.9	0.0	0.94	0.0	0.8	0.72	0.0	0.76	0.0	0.62	0.92	0.82	0.8	0.86	0.0	0.78	0.82	0.0	0.0	0.82	0.0	0.0	0.82	0.98	0.0	0.7	0.7	0.74	0.88	
mean=0.5671875000000002
p=0.15200000000000005
0.76	0.98	0.0	0.72	0.86	0.0	0.7	0.88	0.8	0.86	0.9	0.66	0.0	0.74	0.88	0.82	0.0	0.62	0.9	0.78	0.96	0.0	0.8	0.94	0.82	0.0	0.76	0.92	0.88	0.88	0.86	0.8	0.0	0.0	0.8	0.88	0.94	0.94	0.0	0.0	0.52	0.88	0.92	0.92	0.86	0.9	0.0	1.0	0.92	0.0	0.9	0.92	0.9	0.86	0.0	0.84	0.82	0.86	0.78	0.96	0.88	0.0	0.9	0.74	
mean=0.6612500000000002
p=0.16000000000000003
0.88	0.86	0.96	0.92	0.84	0.92	0.88	0.9	0.94	0.88	0.94	0.92	0.92	0.86	0.98	0.9	0.96	0.92	0.86	0.84	0.96	0.96	0.98	0.74	0.8	0.92	0.86	0.84	0.96	0.86	0.98	0.98	0.92	0.94	0.94	0.94	0.9	0.7	0.94	0.98	0.78	0.68	0.94	0.94	0.96	0.94	0.96	0.92	0.0	0.76	0.92	0.86	0.94	0.92	0.94	0.88	0.72	0.96	0.98	0.96	0.9	0.92	0.8	0.84	
mean=0.884375
p=0.16800000000000004
0.96	0.98	0.92	0.98	0.98	0.88	0.92	0.92	1.0	0.96	0.88	0.84	1.0	0.9	0.96	0.92	0.94	1.0	0.96	0.9	1.0	0.94	1.0	0.94	0.9	0.9	0.86	0.86	0.98	0.96	0.82	0.84	0.98	1.0	0.94	0.94	0.82	0.94	0.9	0.94	0.96	0.98	0.94	0.88	0.98	1.0	1.0	0.94	0.9	0.86	0.94	0.9	0.96	0.94	0.96	1.0	1.0	0.96	0.96	0.92	0.88	0.84	0.96	0.92	
mean=0.9349999999999998
p=0.17600000000000005
0.94	0.98	0.98	0.96	1.0	1.0	0.98	1.0	0.96	1.0	0.96	0.96	0.94	0.92	0.98	1.0	1.0	0.92	0.94	0.96	0.94	0.98	0.96	0.96	0.9	1.0	0.98	0.98	1.0	0.88	1.0	0.88	0.98	1.0	0.98	0.92	0.92	0.96	0.98	0.92	0.98	0.98	0.88	0.98	1.0	0.88	0.98	1.0	0.96	0.96	0.88	0.92	0.94	0.98	0.9	0.94	0.96	0.82	0.98	1.0	0.98	0.98	0.96	0.94	
mean=0.9574999999999998
