p=0.048
0.0	0.0	0.0	0.0	0.0	0.0	0.0	0.0	0.0	0.0	0.0	0.0	0.0	0.0	0.0	0.0	0.0	0.0	0.0	0.0	0.0	0.0	0.0	0.0	0.0	0.0	0.0	0.0	0.0	0.0	0.0	0.0	0.0	0.0	0.0	0.0	0.0	0.0	0.0	0.0	0.0	0.0	0.0	0.0	0.0	0.0	0.0	0.0	0.0	0.0	0.0	0.0	0.0	0.0	0.0	0.0	0.0	0.0	0.0	0.0	0.0	0.0	0.0	0.0	
mean=0.0
p=0.052000000000000005
0.0	0.0	0.0	0.0	0.0	0.0	0.0	0.0	0.0	0.0	0.0	0.0	0.0	0.0	0.0	0.0	0.0	0.0	0.0	0.0	0.0	0.0	0.0	0.0	0.0	0.0	0.0	0.0	0.0	0.0	0.0	0.0	0.0	0.0	0.0	0.0	0.0	0.0	0.0	0.0	0.0	0.0	0.0	0.0	0.0	0.0	0.0	0.0	0.0	0.0	0.0	0.0	0.0	0.0	0.0	0.0	0.0	0.0	0.0	0.0	0.0	0.42	0.0	0.0	
mean=0.0065625
p=0.05600000000000001
0.0	0.0	0.0	0.0	0.0	0.0	0.0	0.0	0.0	0.0	0.0	0.0	0.0	0.0	0.0	0.0	0.0	0.0	0.0	0.0	0.0	0.0	0.0	0.0	0.0	0.0	0.0	0.0	0.0	0.0	0.0	0.0	0.0	0.0	0.0	0.0	0.0	0.0	0.0	0.0	0.0	0.0	0.0	0.0	0.0	0.0	0.0	0.0	0.0	0.0	0.0	0.0	0.0	0.0	0.0	0.0	0.0	0.0	0.0	0.0	0.0	0.0	0.0	0.0	
mean=0.0
p=0.06000000000000001
0.0	0.0	0.0	0.0	0.0	0.0	0.0	0.0	0.0	0.0	0.0	0.0	0.0	0.0	0.0	0.0	0.0	0.0	0.0	0.0	0.0	0.0	0.0	0.0	0.0	0.0	0.0	0.0	0.0	0.0	0.0	0.0	0.0	0.0	0.0	0.0	0.0	0.0	0.0	0.0	0.0	0.0	0.0	0.52	0.0	0.0	0.0	0.0	0.58	0.0	0.0	0.0	0.48	0.0	0.0	0.0	0.0	0.0	0.0	0.0	0.0	0.0	0.0	0.0	
mean=0.0246875
p=0.06400000000000002
0.0	0.0	0.0	0.0	0.0	0.0	0.58	0.0	0.74	0.0	0.0	0.0	0.0	0.5	0.0	0.0	0.0	0.0	0.48	0.64	0.0	0.0	0.0	0.0	0.0	0.0	0.0	0.0	0.0	0.0	0.0	0.0	0.0	0.34	0.0	0.0	0.0	0.0	0.0	0.0	0.0	0.0	0.0	0.0	0.0	0.0	0.0	0.0	0.72	0.0	0.66	0.0	0.0	0.0	0.0	0.5	0.0	0.0	0.0	0.44	0.0	0.0	0.0	0.0	
mean=0.08750000000000001
p=0.06800000000000002
0.0	0.0	0.0	0.0	0.0	0.0	0.0	0.0	0.0	0.74	0.0	0.0	0.0	0.76	0.0	0.54	0.0	0.68	0.0	0.52	0.0	0.0	0.0	0.74	0.34	0.0	0.0	0.0	0.0	0.48	0.0	0.76	0.0	0.0	0.6	0.46	0.0	0.4	0.8	0.0	0.0	0.0	0.28	0.0	0.0	0.0	0.6	0.74	0.0	0.0	0.0	0.0	0.0	0.0	0.64	0.0	0.0	0.4	0.0	0.0	0.74	0.0	0.0	0.0	
mean=0.1753125
p=0.07200000000000002
0.0	0.74	0.66	0.0	0.0	0.0	0.0	0.68	0.82	0.74	0.0	0.0	0.46	0.0	0.0	0.8	0.42	0.0	0.68	0.84	0.0	0.0	0.0	0.0	0.0	0.38	0.84	0.0	0.54	0.8	0.0	0.86	0.0	0.0	0.0	0.5	0.0	0.7	0.0	0.74	0.82	0.6	0.9	0.38	0.0	0.58	0.48	0.84	0.0	0.46	0.68	0.0	0.0	0.56	0.0	0.4	0.7	0.0	0.6	0.66	0.0	0.0	0.66	0.46	
mean=0.3434375
p=0.07600000000000003
0.64	0.64	0.82	0.66	0.44	0.74	0.78	0.52	0.0	0.62	0.64	0.0	0.82	0.42	0.84	0.84	0.0	0.58	0.9	0.48	0.0	0.72	0.0	0.0	0.78	0.0	0.64	0.76	0.0	0.8	0.76	0.74	0.0	0.42	0.72	0.8	0.0	0.76	0.82	0.82	0.78	0.8	0.84	0.52	0.76	0.7	0.44	0.4	0.68	0.72	0.0	0.0	0.38	0.58	0.9	0.0	0.0	0.76	0.72	0.84	0.68	0.84	0.58	0.86	
mean=0.5421875
p=0.08000000000000002
0.78	0.72	0.48	0.76	0.56	0.82	0.64	0.7	0.54	0.78	0.9	0.78	0.84	0.68	0.84	0.82	0.74	0.94	0.3	0.46	0.68	0.0	0.7	0.84	0.88	0.84	0.8	0.0	0.78	0.54	0.62	0.0	0.72	0.86	0.0	0.56	0.88	0.78	0.66	0.6	0.88	0.54	0.82	0.7	0.8	0.0	0.94	0.82	0.7	0.82	0.76	0.86	0.9	0.52	0.64	0.68	0.76	0.72	0.7	0.0	0.56	0.92	0.74	0.72	
mean=0.6612500000000001
p=0.08400000000000002
0.8	0.9	0.7	0.8	0.0	0.92	0.68	0.86	0.88	0.88	0.68	0.0	0.82	0.0	0.6	0.82	0.88	0.84	0.0	0.76	0.92	0.84	0.62	0.84	0.82	0.78	0.66	0.68	0.0	0.92	0.88	0.58	0.86	0.9	0.82	0.86	0.46	0.9	0.0	0.74	0.2	0.76	0.88	0.82	0.78	0.82	0.3	0.68	0.8	0.86	0.0	0.94	0.9	0.96	0.64	0.94	0.88	0.86	0.9	0.84	0.86	0.86	0.78	0.86	
mean=0.7034374999999999
p=0.08800000000000002
0.8	0.92	0.84	0.68	0.76	0.78	0.78	0.7	0.86	0.9	0.68	0.88	0.74	0.8	0.58	0.72	0.76	0.84	0.88	0.86	0.86	0.78	0.94	0.96	0.72	0.76	0.98	0.9	0.9	0.86	0.8	0.54	0.86	0.68	0.78	0.92	0.84	0.8	0.78	0.9	0.78	0.82	0.84	0.78	0.86	0.88	0.76	0.88	0.84	0.74	0.86	0.88	0.76	0.78	0.62	0.8	0.9	0.86	0.92	0.72	0.8	0.9	0.8	0.96	
mean=0.8134375000000001
p=0.09200000000000003
0.96	0.84	0.84	0.9	0.84	0.88	0.82	0.96	0.88	0.84	0.88	0.76	0.92	0.74	0.68	0.74	0.76	0.84	0.88	0.88	0.88	0.84	0.8	0.94	0.82	0.92	0.78	0.92	0.72	0.74	0.94	0.8	0.96	0.88	0.86	0.88	0.82	0.76	0.92	0.86	0.92	0.96	0.82	0.78	0.94	0.62	0.72	0.86	0.82	0.88	0.84	0.88	0.9	0.94	0.94	0.74	0.96	0.96	0.86	0.96	0.88	0.8	0.86	0.96	
mean=0.8543750000000001
p=0.09600000000000003
0.84	0.92	0.98	0.96	0.82	0.88	0.86	0.78	0.92	0.82	0.82	0.82	0.98	0.86	0.8	0.94	0.86	0.94	0.94	0.84	0.94	0.96	0.84	0.9	0.94	0.88	0.96	0.78	0.92	0.82	0.78	0.76	1.0	0.88	0.94	0.9	0.82	0.96	0.96	0.98	0.88	0.96	0.92	0.98	0.88	0.86	0.86	1.0	0.96	0.84	0.84	0.84	0.8	0.8	0.96	0.92	0.7	0.86	0.92	0.92	0.82	0.68	0.8	0.96	
mean=0.8821875000000003
p=0.10000000000000003
0.96	0.94	0.88	0.96	0.84	0.94	0.98	0.96	0.96	0.92	0.86	0.74	0.98	0.96	0.88	0.98	0.84	0.92	0.96	0.92	0.72	0.96	0.94	0.96	0.98	0.84	0.92	0.92	0.9	0.98	0.96	0.86	0.86	0.88	0.86	0.94	0.86	0.94	0.86	0.94	0.92	0.86	0.94	0.92	0.88	0.88	0.92	0.9	0.88	0.88	0.9	0.9	0.88	0.9	0.9	0.96	0.92	0.62	0.94	0.94	0.94	0.98	0.9	0.9	
mean=0.9065624999999999
p=0.10400000000000004
0.96	0.96	0.94	0.96	0.96	0.96	0.94	0.9	0.96	0.92	0.86	0.96	0.98	0.94	0.94	0.98	0.94	0.98	0.92	0.96	0.92	0.96	0.96	0.92	1.0	0.94	0.86	0.92	0.88	0.88	0.9	0.96	0.96	0.9	0.92	0.98	0.96	0.9	0.92	0.88	0.96	0.98	0.94	0.98	0.94	0.98	0.9	0.94	1.0	0.88	0.9	0.96	0.88	0.86	0.92	0.92	0.96	0.98	0.94	0.86	0.88	0.96	0.82	0.98	
mean=0.9337499999999999
p=0.10800000000000004
0.96	0.98	0.96	0.98	0.92	0.94	0.92	0.88	0.94	0.98	0.98	0.94	0.94	0.88	0.94	0.96	0.98	0.96	0.94	0.96	0.92	0.98	0.96	0.88	0.94	0.94	0.98	0.8	0.98	0.86	0.88	0.94	0.92	0.98	0.88	0.94	0.94	0.88	0.98	0.92	0.98	0.98	0.92	0.96	0.9	0.98	0.96	0.98	0.96	0.92	0.94	0.96	0.96	0.92	0.84	0.94	0.96	0.94	0.96	0.98	0.96	0.88	0.96	0.9	
mean=0.9387500000000001
p=0.11200000000000004
0.94	0.82	0.98	0.86	0.98	0.94	1.0	0.86	0.98	0.98	0.9	0.96	0.98	0.98	1.0	0.88	0.94	1.0	0.94	1.0	0.9	0.9	0.96	0.94	0.98	0.96	0.98	1.0	1.0	0.98	0.98	0.96	0.92	0.8	0.96	0.98	0.98	0.98	0.86	0.92	0.94	1.0	0.98	0.98	0.96	0.98	0.88	0.9	0.96	1.0	1.0	0.94	1.0	0.94	0.96	0.98	0.96	0.98	0.98	0.98	1.0	0.96	0.98	0.92	
mean=0.9534374999999996
