p=0.096
0.0	0.0	0.0	0.0	0.0	0.0	0.0	0.0	0.0	0.0	0.0	0.0	0.0	0.0	0.0	0.0	0.0	0.0	0.0	0.0	0.0	0.0	0.0	0.0	0.0	0.0	0.0	0.0	0.0	0.0	0.0	0.0	0.0	0.0	0.0	0.0	0.0	0.0	0.0	0.0	0.0	0.0	0.0	0.0	0.0	0.0	0.0	0.0	0.0	0.0	0.0	0.0	0.0	0.0	0.0	0.0	0.0	0.0	0.0	0.0	0.0	0.0	0.0	0.0	
mean=0.0
p=0.10400000000000001
0.0	0.0	0.0	0.0	0.0	0.0	0.0	0.0	0.0	0.0	0.0	0.0	0.0	0.0	0.0	0.0	0.0	0.0	0.0	0.0	0.0	0.0	0.0	0.0	0.0	0.0	0.0	0.0	0.0	0.0	0.0	0.0	0.0	0.0	0.0	0.0	0.0	0.0	0.0	0.0	0.0	0.0	0.0	0.0	0.0	0.0	0.0	0.0	0.0	0.0	0.0	0.0	0.0	0.0	0.0	0.0	0.0	0.0	0.0	0.0	0.0	0.0	0.0	0.0	
mean=0.0
p=0.11200000000000002
0.0	0.0	0.0	0.0	0.0	0.0	0.0	0.0	0.0	0.0	0.0	0.0	0.0	0.0	0.0	0.0	0.0	0.0	0.0	0.0	0.0	0.0	0.0	0.0	0.0	0.0	0.0	0.0	0.0	0.0	0.0	0.0	0.0	0.0	0.0	0.0	0.0	0.0	0.0	0.0	0.0	0.0	0.0	0.0	0.0	0.0	0.0	0.0	0.0	0.0	0.0	0.0	0.0	0.0	0.0	0.0	0.0	0.0	0.0	0.0	0.0	0.0	0.0	0.0	
mean=0.0
p=0.12000000000000002
0.0	0.0	0.0	0.0	0.0	0.0	0.0	0.0	0.0	0.0	0.0	0.0	0.0	0.0	0.0	0.0	0.0	0.0	0.0	0.0	0.0	0.0	0.0	0.0	0.0	0.0	0.0	0.0	0.0	0.0	0.0	0.0	0.0	0.0	0.0	0.0	0.0	0.0	0.0	0.0	0.0	0.0	0.0	0.0	0.0	0.0	0.0	0.0	0.0	0.0	0.0	0.0	0.0	0.0	0.0	0.0	0.0	0.0	0.0	0.0	0.0	0.0	0.0	0.0	
mean=0.0
p=0.12800000000000003
0.0	0.0	0.0	0.84	0.0	0.84	0.0	0.0	0.0	0.0	0.0	0.0	0.0	0.0	0.0	0.0	0.0	0.0	0.0	0.0	0.0	0.0	0.0	0.0	0.0	0.78	0.0	0.86	0.0	0.0	0.0	0.0	0.0	0.0	0.0	0.0	0.0	0.0	0.0	0.0	0.0	0.0	0.0	0.0	0.0	0.86	0.0	0.0	0.0	0.0	0.0	0.0	0.0	0.0	0.7	0.0	0.0	0.0	0.0	0.0	0.0	0.0	0.0	0.0	
mean=0.07625
p=0.13600000000000004
0.0	0.78	0.86	0.0	0.96	0.0	0.0	0.0	0.0	0.0	0.0	0.0	0.0	0.0	0.0	0.84	0.92	0.0	0.0	0.9	0.0	0.0	0.0	0.8	0.0	0.84	0.0	0.0	0.0	0.0	0.74	0.0	0.0	0.0	0.0	0.0	0.74	0.0	0.0	0.72	0.0	0.84	0.74	0.0	0.86	0.0	0.0	0.0	0.74	0.0	0.0	0.0	0.0	0.0	0.0	0.0	0.8	0.0	0.0	0.0	0.0	0.0	0.94	0.0	
mean=0.21906250000000002
p=0.14400000000000004
0.9	0.94	0.0	0.92	0.84	0.82	0.8	0.82	0.0	0.9	0.82	0.0	0.0	0.86	0.8	0.0	0.68	0.94	0.88	0.0	0.0	0.86	0.86	0.8	0.76	0.82	0.0	0.0	0.88	0.0	0.0	0.0	0.9	0.0	0.0	0.72	0.9	0.0	0.8	0.76	0.66	0.84	0.86	0.9	0.0	0.98	0.78	0.0	0.0	0.8	0.66	0.0	0.0	0.92	0.94	0.0	0.76	0.0	0.0	0.86	0.7	0.86	0.74	0.74	
mean=0.5309375000000001
p=0.15200000000000005
0.88	0.84	0.0	0.9	0.74	0.92	0.96	0.86	0.84	0.96	0.76	0.98	0.92	0.0	0.9	0.82	0.82	0.84	0.66	0.0	0.84	0.78	0.86	0.96	0.88	0.9	0.9	0.92	0.66	0.9	0.0	0.0	0.94	0.74	0.92	0.82	0.8	0.8	0.92	0.8	0.98	0.94	0.92	0.9	0.0	0.84	0.0	0.8	0.0	0.0	0.92	0.92	0.94	0.0	0.9	0.66	0.98	0.0	0.86	0.78	0.96	0.94	0.96	0.8	
mean=0.7178125
p=0.16000000000000003
0.0	0.94	0.8	0.92	0.86	0.88	0.92	0.9	0.9	0.94	0.94	0.84	0.96	0.92	0.82	0.96	0.94	0.9	0.96	0.9	0.98	0.88	0.94	0.88	0.94	0.88	0.88	0.88	0.9	0.96	0.94	0.86	0.88	0.82	0.88	0.94	0.94	0.92	0.8	0.92	0.0	0.92	0.88	0.78	0.94	0.82	0.88	0.84	0.76	0.92	0.84	0.86	0.96	0.82	0.82	0.92	0.9	0.92	0.96	0.92	0.78	0.92	0.92	0.92	
mean=0.8659375000000004
p=0.16800000000000004
0.86	0.98	0.98	0.9	0.84	0.96	0.96	0.92	0.92	0.94	0.96	0.88	0.98	0.86	0.88	0.82	0.98	0.9	0.96	0.92	0.94	1.0	0.84	0.94	0.76	1.0	0.98	0.96	1.0	0.94	0.8	0.92	1.0	0.94	0.92	0.96	0.86	0.94	0.98	0.98	0.98	0.98	0.96	0.94	0.92	0.9	0.88	0.98	0.98	0.94	1.0	0.98	0.98	0.98	0.8	0.78	0.96	0.86	1.0	0.9	0.96	0.94	0.72	0.98	
mean=0.9274999999999995
p=0.17600000000000005
0.98	1.0	0.94	0.94	0.98	0.98	0.98	0.98	0.98	0.96	0.88	0.96	0.98	0.98	0.94	1.0	0.98	0.94	0.9	0.96	0.96	0.98	0.94	0.9	0.86	0.98	1.0	0.96	0.96	0.96	0.98	1.0	0.86	1.0	0.92	0.9	0.88	0.96	0.98	0.94	0.94	1.0	0.88	0.98	0.9	0.98	0.98	0.92	0.96	0.94	0.98	0.96	0.86	1.0	0.96	1.0	0.98	0.98	0.94	0.78	0.98	0.98	0.9	1.0	
mean=0.9521874999999996
