p=0.072
0.0	0.0	0.0	0.0	0.0	0.0	0.0	0.0	0.0	0.0	0.0	0.0	0.0	0.0	0.0	0.0	0.0	0.0	0.0	0.0	0.0	0.0	0.0	0.0	0.0	0.0	0.0	0.0	0.0	0.0	0.0	0.0	0.0	0.0	0.0	0.0	0.0	0.0	0.0	0.0	0.0	0.0	0.0	0.0	0.0	0.0	0.0	0.0	0.0	0.0	0.0	0.0	0.0	0.0	0.0	0.0	0.0	0.0	0.0	0.0	0.0	0.0	0.0	0.0	
mean=0.0
p=0.078
0.0	0.0	0.0	0.0	0.0	0.0	0.0	0.0	0.0	0.0	0.0	0.0	0.0	0.0	0.0	0.0	0.0	0.0	0.0	0.0	0.0	0.0	0.0	0.0	0.0	0.0	0.0	0.0	0.0	0.0	0.0	0.0	0.0	0.0	0.0	0.0	0.0	0.0	0.0	0.0	0.0	0.0	0.0	0.0	0.0	0.0	0.0	0.0	0.0	0.0	0.0	0.0	0.0	0.0	0.0	0.0	0.0	0.0	0.0	0.0	0.0	0.0	0.0	0.0	
mean=0.0
p=0.084
0.0	0.0	0.0	0.0	0.0	0.0	0.0	0.0	0.0	0.0	0.0	0.0	0.0	0.0	0.0	0.0	0.0	0.0	0.0	0.0	0.0	0.0	0.0	0.0	0.0	0.0	0.0	0.0	0.0	0.0	0.0	0.0	0.0	0.0	0.0	0.0	0.0	0.0	0.0	0.0	0.0	0.0	0.0	0.0	0.0	0.0	0.0	0.0	0.0	0.0	0.0	0.0	0.0	0.0	0.0	0.0	0.0	0.0	0.0	0.0	0.0	0.0	0.0	0.0	
mean=0.0
p=0.09000000000000001
0.0	0.0	0.0	0.0	0.0	0.0	0.0	0.0	0.0	0.0	0.0	0.0	0.0	0.0	0.0	0.0	0.0	0.0	0.0	0.0	0.0	0.0	0.0	0.0	0.0	0.0	0.0	0.0	0.0	0.0	0.0	0.0	0.0	0.0	0.0	0.0	0.0	0.0	0.0	0.0	0.0	0.0	0.0	0.0	0.0	0.0	0.0	0.0	0.0	0.0	0.0	0.0	0.0	0.0	0.0	0.0	0.0	0.0	0.0	0.0	0.0	0.0	0.56	0.0	
mean=0.00875
p=0.09600000000000002
0.0	0.0	0.8	0.0	0.0	0.0	0.84	0.0	0.0	0.74	0.0	0.0	0.0	0.0	0.0	0.0	0.0	0.0	0.0	0.0	0.0	0.0	0.0	0.0	0.0	0.0	0.0	0.68	0.0	0.0	0.0	0.0	0.0	0.0	0.0	0.0	0.0	0.0	0.0	0.0	0.0	0.76	0.0	0.0	0.0	0.0	0.0	0.0	0.0	0.0	0.68	0.0	0.0	0.0	0.0	0.0	0.0	0.0	0.0	0.0	0.0	0.0	0.0	0.0	
mean=0.0703125
p=0.10200000000000002
0.54	0.0	0.66	0.0	0.0	0.0	0.0	0.0	0.0	0.88	0.0	0.0	0.0	0.0	0.0	0.56	0.0	0.0	0.0	0.0	0.64	0.84	0.82	0.0	0.6	0.0	0.0	0.0	0.0	0.0	0.0	0.0	0.0	0.0	0.0	0.0	0.0	0.0	0.0	0.0	0.62	0.0	0.86	0.0	0.0	0.0	0.0	0.84	0.0	0.0	0.0	0.0	0.0	0.0	0.0	0.64	0.66	0.84	0.0	0.0	0.74	0.0	0.0	0.0	
mean=0.1678125
p=0.10800000000000003
0.0	0.78	0.86	0.86	0.78	0.44	0.66	0.9	0.0	0.7	0.0	0.66	0.0	0.94	0.0	0.0	0.82	0.56	0.78	0.56	0.74	0.0	0.74	0.0	0.0	0.0	0.0	0.0	0.84	0.8	0.94	0.88	0.56	0.8	0.0	0.0	0.76	0.0	0.64	0.0	0.76	0.0	0.0	0.0	0.86	0.0	0.0	0.82	0.0	0.0	0.66	0.0	0.0	0.0	0.52	0.0	0.0	0.0	0.64	0.88	0.0	0.74	0.0	0.0	
mean=0.37312500000000004
p=0.11400000000000003
0.0	0.82	0.0	0.96	0.9	0.72	0.8	0.68	0.74	0.72	0.0	0.76	0.78	0.86	0.92	0.8	0.96	0.82	0.92	0.84	0.0	0.8	0.94	0.0	0.96	0.0	0.92	0.98	0.0	0.7	0.54	0.84	0.9	0.0	0.76	0.86	0.8	0.86	0.48	0.98	0.0	0.54	0.86	0.7	0.94	0.78	0.0	0.72	0.98	0.7	0.0	0.78	0.0	0.7	0.82	0.88	0.84	0.0	0.0	0.0	0.78	0.76	0.8	0.84	
mean=0.6209375000000001
p=0.12000000000000002
0.0	0.88	0.68	0.86	0.94	0.9	0.74	0.92	0.86	0.9	0.96	0.82	0.82	0.84	0.78	0.68	0.6	0.0	0.0	0.76	0.78	0.62	0.76	0.98	0.86	0.98	0.9	0.68	0.84	0.54	1.0	0.8	0.82	0.7	0.86	0.82	0.56	0.78	0.92	0.86	0.86	0.82	0.88	0.7	0.76	0.56	0.0	0.9	0.9	0.94	0.9	0.8	0.9	0.88	0.76	0.86	0.86	0.8	0.82	0.86	0.88	0.92	0.7	0.92	
mean=0.7684374999999999
p=0.12600000000000003
0.84	0.86	0.84	0.92	0.68	0.76	0.86	0.84	0.86	0.86	0.94	0.82	0.98	0.96	0.92	0.9	0.92	0.84	0.78	0.9	0.84	0.9	0.9	0.96	0.68	0.8	0.9	0.84	0.94	0.86	0.9	0.86	0.88	0.98	0.92	0.9	0.98	0.78	0.84	0.76	0.9	0.86	0.92	0.92	0.92	0.78	0.88	0.92	0.92	0.92	0.74	0.86	0.98	0.96	0.96	0.92	0.82	0.88	0.88	0.98	0.78	0.92	0.96	0.72	
mean=0.8750000000000002
p=0.13200000000000003
0.94	0.88	0.92	0.96	0.8	0.86	0.9	0.92	0.84	0.94	0.96	0.98	0.9	0.92	0.92	0.92	1.0	0.92	0.92	0.96	0.96	0.9	0.94	0.92	0.78	0.86	0.94	0.96	0.9	0.94	0.96	0.96	0.74	0.9	0.98	0.96	0.94	0.98	0.9	0.92	0.9	0.96	0.98	1.0	0.78	0.98	0.9	0.94	0.94	0.88	0.98	0.94	0.96	0.9	0.88	0.94	0.88	0.9	0.98	0.9	0.96	0.98	0.96	0.86	
mean=0.9215624999999997
p=0.13800000000000004
0.96	0.94	0.92	0.92	0.98	0.98	0.9	1.0	0.98	0.98	0.96	0.98	0.96	0.92	0.98	0.94	0.96	0.96	0.92	0.94	0.88	0.98	0.96	0.92	0.94	0.96	1.0	0.98	0.96	0.98	0.96	0.96	0.98	1.0	0.96	0.84	0.98	0.96	0.9	0.98	0.94	0.88	0.98	0.96	0.96	0.94	0.92	0.92	0.72	0.86	0.94	0.96	0.92	0.94	0.96	1.0	0.96	0.7	0.88	0.9	0.82	0.9	0.92	0.94	
mean=0.9371875000000002
p=0.14400000000000004
0.96	0.92	0.96	0.96	1.0	0.98	0.98	0.96	0.98	0.96	0.96	0.96	0.96	0.96	0.9	0.96	0.98	0.98	1.0	0.92	0.96	0.98	0.96	0.98	0.98	0.94	0.9	0.96	1.0	0.96	0.8	1.0	0.96	0.96	0.88	0.92	0.98	0.96	0.94	0.92	1.0	0.9	1.0	0.96	0.92	0.92	0.98	0.92	0.86	0.94	0.94	0.98	0.98	0.96	0.94	0.94	0.84	0.92	1.0	0.98	0.98	0.98	0.88	0.96	
mean=0.9509375
