p=0.12
0.0	0.0	0.0	0.0	0.0	0.0	0.0	0.0	0.0	0.0	0.0	0.0	0.0	0.0	0.0	0.0	0.0	0.0	0.0	0.0	0.0	0.0	0.0	0.0	0.0	0.0	0.0	0.0	0.0	0.0	0.0	0.0	0.0	0.0	0.0	0.0	0.0	0.0	0.0	0.0	0.0	0.0	0.0	0.0	0.0	0.0	0.0	0.0	0.0	0.0	0.0	0.0	0.0	0.0	0.0	0.0	0.0	0.0	0.0	0.0	0.0	0.0	0.0	0.0	
mean=0.0
p=0.13
0.0	0.0	0.0	0.0	0.0	0.0	0.0	0.0	0.0	0.0	0.0	0.0	0.0	0.0	0.0	0.0	0.0	0.0	0.0	0.0	0.0	0.0	0.0	0.0	0.0	0.0	0.0	0.0	0.0	0.0	0.0	0.0	0.0	0.0	0.0	0.0	0.0	0.0	0.0	0.0	0.0	0.0	0.0	0.0	0.0	0.0	0.0	0.0	0.0	0.0	0.0	0.0	0.0	0.0	0.0	0.0	0.0	0.0	0.0	0.0	0.0	0.0	0.0	0.0	
mean=0.0
p=0.14
0.0	0.0	0.0	0.0	0.0	0.0	0.0	0.0	0.0	0.0	0.0	0.0	0.0	0.0	0.0	0.0	0.0	0.0	0.0	0.0	0.0	0.0	0.0	0.0	0.0	0.0	0.0	0.0	0.0	0.0	0.0	0.0	0.0	0.0	0.0	0.0	0.0	0.0	0.0	0.0	0.0	0.0	0.0	0.0	0.0	0.0	0.0	0.0	0.0	0.0	0.0	0.0	0.0	0.0	0.0	0.0	0.0	0.0	0.0	0.0	0.0	0.0	0.0	0.0	
mean=0.0
p=0.15000000000000002
0.0	0.0	0.0	0.0	0.0	0.0	0.0	0.0	0.92	0.0	0.0	0.0	0.0	0.0	0.0	0.0	0.0	0.0	0.0	0.0	0.0	0.0	0.0	0.0	0.0	0.0	0.0	0.0	0.0	0.0	0.0	0.0	0.0	0.0	0.0	0.0	0.0	0.0	0.0	0.0	0.0	0.0	0.0	0.0	0.0	0.0	0.0	0.0	0.0	0.0	0.0	0.0	0.0	0.0	0.0	0.0	0.0	0.78	0.0	0.0	0.0	0.0	0.0	0.0	
mean=0.026562500000000003
p=0.16000000000000003
0.0	0.0	0.76	0.0	0.0	0.0	0.0	0.0	0.0	0.0	0.0	0.0	0.88	0.0	0.0	0.0	0.0	0.0	0.0	0.0	0.0	0.0	0.0	0.0	0.0	0.0	0.0	0.0	0.0	0.0	0.0	0.0	0.86	0.0	0.0	0.0	0.76	0.0	0.0	0.0	0.0	0.78	0.0	0.0	0.76	0.0	0.0	0.0	0.0	0.0	0.0	0.0	0.0	0.0	0.94	0.82	0.0	0.0	0.0	0.0	0.0	0.0	0.0	0.0	
mean=0.10250000000000001
p=0.17000000000000004
0.0	0.0	0.0	0.0	0.0	0.0	0.52	0.86	0.0	0.92	0.7	0.9	0.8	0.72	0.0	0.82	0.8	0.96	0.0	0.92	0.0	0.0	0.0	0.58	0.0	0.0	0.78	0.0	0.76	0.7	0.0	0.74	0.0	0.0	0.0	0.76	0.94	0.9	0.86	0.88	0.8	0.0	0.0	0.0	0.0	0.0	0.0	0.78	0.0	0.0	0.0	0.74	0.0	0.0	0.0	0.9	0.0	0.76	0.0	0.9	0.76	0.74	0.0	0.88	
mean=0.3762499999999999
p=0.18000000000000005
0.0	0.78	0.0	0.86	0.7	0.0	0.9	0.9	0.0	0.9	0.98	0.0	0.92	0.0	0.84	0.72	0.92	0.86	0.74	0.96	0.82	0.0	0.0	0.84	0.96	0.72	0.0	0.0	0.8	0.9	0.0	0.82	0.72	0.88	0.98	0.72	0.0	0.86	0.94	0.0	0.9	0.78	0.9	0.0	0.88	0.88	0.98	0.82	0.98	0.0	0.86	0.0	0.92	0.0	0.0	0.0	0.72	0.92	0.0	0.0	0.8	0.9	0.0	0.0	
mean=0.5496874999999999
p=0.19000000000000006
0.88	0.9	0.94	0.94	0.88	0.8	0.9	0.96	0.96	0.82	0.9	0.72	1.0	0.96	0.9	0.0	0.94	0.98	0.84	0.88	0.98	0.98	0.84	0.96	0.9	0.54	0.94	0.94	0.9	0.98	0.86	0.84	0.92	0.88	0.98	0.92	0.98	0.94	0.98	0.96	0.98	0.84	0.84	0.96	0.8	0.94	0.96	0.96	0.8	0.94	0.9	0.98	1.0	0.88	0.88	0.98	0.84	0.78	1.0	0.8	0.96	0.92	0.98	0.94	
mean=0.8934374999999999
p=0.20000000000000007
0.78	0.98	0.94	0.98	0.8	0.88	0.88	0.96	0.96	0.9	0.98	0.96	0.98	0.96	0.96	1.0	0.86	0.86	0.92	1.0	0.98	0.94	0.92	0.92	0.9	0.84	0.96	0.96	0.96	1.0	0.9	0.88	0.9	0.64	0.96	0.98	0.92	1.0	0.94	0.96	1.0	0.96	0.92	0.94	0.92	0.98	0.96	0.96	0.9	0.98	0.94	0.98	1.0	0.88	0.96	0.98	0.94	0.9	0.94	0.96	1.0	0.88	0.94	0.92	
mean=0.9334374999999998
p=0.21000000000000008
0.98	0.94	0.98	1.0	0.98	0.96	0.96	0.98	0.9	0.96	1.0	0.96	0.98	0.84	0.94	0.98	1.0	0.98	0.94	1.0	0.96	0.98	1.0	1.0	0.98	0.98	0.94	0.98	0.98	0.98	0.86	1.0	0.98	1.0	0.96	1.0	0.98	1.0	0.98	0.92	1.0	0.94	0.94	0.92	0.96	1.0	0.9	1.0	0.98	0.98	1.0	0.94	0.94	0.98	1.0	0.98	0.94	0.96	0.92	0.94	0.98	0.98	0.98	0.96	
mean=0.9662499999999996
