p=0.048
0.0	0.0	0.0	0.0	0.0	0.0	0.0	0.0	0.0	0.0	0.0	0.0	0.0	0.0	0.0	0.0	0.0	0.0	0.0	0.0	0.0	0.0	0.0	0.0	0.0	0.0	0.0	0.0	0.0	0.0	0.0	0.0	0.0	0.0	0.0	0.0	0.0	0.0	0.0	0.0	0.0	0.0	0.0	0.0	0.0	0.0	0.0	0.0	0.0	0.0	0.0	0.0	0.0	0.0	0.0	0.0	0.0	0.0	0.0	0.0	0.0	0.0	0.0	0.0	
mean=0.0
p=0.052000000000000005
0.0	0.0	0.0	0.0	0.0	0.0	0.0	0.0	0.0	0.0	0.0	0.0	0.0	0.0	0.0	0.0	0.0	0.0	0.0	0.0	0.0	0.0	0.0	0.0	0.0	0.0	0.0	0.0	0.0	0.0	0.0	0.0	0.0	0.0	0.0	0.0	0.0	0.0	0.0	0.0	0.0	0.0	0.0	0.0	0.0	0.0	0.0	0.0	0.0	0.0	0.0	0.0	0.0	0.0	0.0	0.0	0.0	0.0	0.0	0.0	0.0	0.0	0.0	0.0	
mean=0.0
p=0.05600000000000001
0.0	0.0	0.0	0.0	0.0	0.0	0.0	0.0	0.0	0.0	0.0	0.0	0.0	0.0	0.0	0.0	0.0	0.0	0.0	0.0	0.0	0.0	0.0	0.0	0.0	0.0	0.0	0.0	0.0	0.0	0.0	0.0	0.0	0.0	0.0	0.0	0.0	0.0	0.0	0.0	0.0	0.0	0.0	0.0	0.0	0.0	0.0	0.0	0.0	0.0	0.0	0.0	0.0	0.0	0.0	0.0	0.0	0.0	0.0	0.0	0.0	0.0	0.0	0.0	
mean=0.0
p=0.06000000000000001
0.0	0.0	0.56	0.0	0.0	0.0	0.0	0.0	0.0	0.0	0.0	0.0	0.0	0.0	0.0	0.0	0.0	0.0	0.0	0.0	0.0	0.0	0.0	0.0	0.0	0.0	0.0	0.0	0.0	0.0	0.0	0.0	0.0	0.38	0.0	0.0	0.0	0.0	0.0	0.0	0.0	0.0	0.0	0.0	0.0	0.0	0.0	0.0	0.0	0.0	0.0	0.0	0.0	0.0	0.0	0.0	0.0	0.0	0.0	0.0	0.0	0.5	0.0	0.0	
mean=0.0225
p=0.06400000000000002
0.0	0.0	0.0	0.08	0.0	0.0	0.0	0.0	0.0	0.0	0.0	0.0	0.0	0.62	0.0	0.0	0.0	0.0	0.0	0.0	0.0	0.0	0.0	0.0	0.0	0.0	0.0	0.0	0.6	0.54	0.0	0.0	0.0	0.0	0.0	0.0	0.0	0.0	0.0	0.0	0.0	0.0	0.46	0.0	0.0	0.0	0.0	0.0	0.0	0.0	0.0	0.0	0.54	0.42	0.0	0.0	0.0	0.0	0.0	0.0	0.0	0.64	0.0	0.48	
mean=0.0684375
p=0.06800000000000002
0.5	0.0	0.5	0.82	0.0	0.0	0.0	0.0	0.0	0.3	0.0	0.0	0.0	0.0	0.0	0.0	0.6	0.56	0.76	0.7	0.0	0.0	0.0	0.0	0.32	0.0	0.52	0.26	0.0	0.0	0.0	0.68	0.0	0.0	0.52	0.0	0.0	0.62	0.0	0.0	0.48	0.0	0.0	0.0	0.6	0.74	0.0	0.78	0.48	0.0	0.0	0.78	0.4	0.0	0.0	0.0	0.0	0.0	0.0	0.0	0.64	0.84	0.0	0.0	
mean=0.20937499999999998
p=0.07200000000000002
0.62	0.4	0.0	0.68	0.0	0.0	0.66	0.0	0.58	0.58	0.0	0.0	0.0	0.0	0.0	0.0	0.84	0.5	0.0	0.64	0.0	0.66	0.68	0.0	0.5	0.0	0.0	0.4	0.0	0.84	0.0	0.0	0.0	0.72	0.0	0.64	0.0	0.48	0.88	0.76	0.0	0.26	0.0	0.58	0.0	0.58	0.0	0.64	0.0	0.0	0.3	0.0	0.6	0.0	0.0	0.0	0.0	0.0	0.56	0.0	0.66	0.78	0.72	0.36	
mean=0.2828125
p=0.07600000000000003
0.0	0.0	0.6	0.9	0.62	0.62	0.86	0.68	0.56	0.6	0.0	0.52	0.0	0.8	0.72	0.54	0.86	0.4	0.0	0.74	0.76	0.0	0.0	0.6	0.3	0.0	0.0	0.44	0.74	0.72	0.0	0.82	0.82	0.64	0.68	0.72	0.8	0.8	0.74	0.0	0.62	0.8	0.0	0.0	0.6	0.36	0.8	0.0	0.0	0.44	0.84	0.76	0.78	0.6	0.0	0.0	0.54	0.8	0.0	0.52	0.58	0.94	0.7	0.72	
mean=0.4843750000000001
p=0.08000000000000002
0.0	0.64	0.76	0.7	0.84	0.44	0.54	0.84	0.76	0.76	0.76	0.0	0.0	0.38	0.78	0.76	0.62	0.84	0.34	0.28	0.64	0.0	0.5	0.72	0.62	0.78	0.82	0.78	0.78	0.9	0.76	0.0	0.0	0.72	0.0	0.78	0.78	0.54	0.54	0.74	0.82	0.54	0.94	0.0	0.58	0.82	0.78	0.0	0.68	0.9	0.76	0.8	0.78	0.84	0.86	0.46	0.7	0.66	0.78	0.0	0.72	0.7	0.92	0.0	
mean=0.5856250000000001
p=0.08400000000000002
0.74	0.88	0.96	0.6	0.7	0.82	0.8	0.0	0.54	0.8	0.72	0.84	0.76	0.76	0.84	0.82	0.94	0.86	0.0	0.86	0.7	0.72	0.78	0.86	0.86	0.88	0.86	0.76	0.78	0.9	0.46	0.9	0.8	0.86	0.88	0.52	0.62	0.86	0.82	0.84	0.9	0.64	0.9	0.94	0.4	0.8	0.72	0.76	0.68	0.56	0.82	0.92	0.74	0.58	0.8	0.88	0.58	0.86	0.92	0.9	0.74	0.52	0.8	0.9	
mean=0.7524999999999998
p=0.08800000000000002
0.8	0.86	0.74	0.86	0.88	0.86	0.78	0.86	0.92	0.88	0.88	0.56	0.84	0.0	0.82	0.76	0.7	0.44	0.8	0.86	0.82	0.9	0.84	0.86	0.7	0.92	0.86	0.92	0.0	0.9	0.72	0.0	0.86	0.74	0.78	0.9	0.68	0.9	0.88	0.82	0.72	0.86	0.84	0.9	0.8	0.9	0.82	0.86	0.9	0.8	0.78	0.0	0.62	0.86	0.84	0.96	0.86	0.76	0.92	0.8	0.0	0.86	0.88	0.9	
mean=0.7584374999999998
p=0.09200000000000003
0.84	0.92	0.92	0.86	0.88	0.96	0.82	0.78	0.84	0.94	0.84	0.82	0.9	0.96	0.88	0.68	0.92	1.0	0.82	0.96	0.92	0.9	0.84	0.86	0.82	0.8	0.94	0.84	0.92	0.86	0.78	0.88	0.84	0.98	0.84	0.86	0.78	0.98	0.92	0.92	0.74	0.84	0.92	0.76	0.86	0.74	0.78	0.68	0.9	0.74	0.92	0.88	0.84	0.78	0.86	0.8	0.8	0.86	0.92	0.96	0.88	0.98	0.62	0.9	
mean=0.8590625000000002
p=0.09600000000000003
0.86	0.94	0.86	0.94	0.96	0.98	0.86	0.94	0.84	0.9	0.9	0.64	0.96	0.9	0.96	0.84	0.78	0.92	0.9	0.86	0.98	0.84	0.84	0.98	0.92	0.92	0.94	0.84	0.9	0.88	0.78	0.94	0.88	0.86	0.92	0.84	0.76	0.78	0.98	0.9	0.88	0.92	0.86	0.92	0.9	0.9	0.92	0.92	0.82	0.84	0.98	0.92	0.52	0.86	0.82	0.9	0.84	0.98	0.9	0.84	0.86	0.92	0.96	0.9	
mean=0.8828125000000002
p=0.10000000000000003
1.0	0.88	0.98	0.98	0.98	0.84	0.92	0.92	0.86	0.88	0.96	0.76	0.84	0.92	0.9	0.86	0.98	0.94	0.92	0.82	0.86	0.84	0.96	0.92	0.7	0.88	0.96	0.9	0.88	0.94	0.84	0.88	0.96	1.0	0.86	0.8	0.92	0.98	0.96	0.94	0.98	0.84	0.84	0.92	0.98	0.84	0.98	0.9	0.82	0.94	0.92	0.94	0.84	0.9	0.92	0.92	0.92	0.96	0.96	0.92	0.9	0.98	0.92	1.0	
mean=0.9087500000000001
p=0.10400000000000004
0.98	1.0	0.84	0.94	0.9	0.94	1.0	0.94	0.92	0.98	0.92	0.96	0.94	0.92	0.9	0.94	0.96	0.92	0.94	0.94	0.98	0.96	0.92	0.94	0.94	0.9	0.98	0.96	0.96	0.88	0.98	0.9	0.84	0.94	0.96	0.94	0.98	0.98	0.9	0.96	0.98	0.94	0.98	0.92	0.98	0.86	0.94	0.92	0.78	0.88	0.98	0.84	0.92	1.0	0.92	0.92	0.94	0.94	0.94	1.0	0.94	0.98	0.86	0.98	
mean=0.9362499999999997
p=0.10800000000000004
0.96	0.98	0.98	0.92	0.96	0.98	0.96	0.92	0.98	0.98	0.98	0.96	0.98	0.94	1.0	0.86	0.92	0.9	0.88	0.96	1.0	0.94	0.86	0.96	1.0	1.0	0.94	0.84	1.0	0.94	0.96	0.86	0.96	0.96	0.94	0.92	0.94	0.9	0.94	0.98	0.98	0.92	0.9	0.92	1.0	0.96	0.96	0.94	0.94	1.0	0.96	0.94	0.96	0.9	1.0	0.98	0.94	0.92	0.96	1.0	0.9	0.9	0.94	0.96	
mean=0.9471874999999996
p=0.11200000000000004
0.92	0.96	0.92	0.98	0.92	0.98	0.88	0.98	1.0	0.94	0.92	0.94	0.94	0.96	0.98	0.98	0.96	0.92	0.92	0.98	0.94	0.98	0.92	0.94	0.96	0.94	0.98	0.98	0.88	0.98	0.96	0.86	0.98	0.78	0.94	0.98	0.9	0.96	0.96	0.9	0.98	0.9	0.98	0.98	1.0	0.92	0.92	1.0	0.94	0.96	0.92	0.94	0.96	0.98	0.94	0.98	0.96	0.9	0.96	0.92	0.94	0.96	0.98	0.96	
mean=0.9465624999999998
p=0.11600000000000005
0.98	0.94	0.9	0.98	0.94	0.94	0.98	0.98	0.98	1.0	0.98	0.98	1.0	0.96	0.96	0.96	0.94	0.88	0.96	0.94	0.98	0.92	0.98	0.98	0.92	0.98	0.98	1.0	0.88	0.96	0.98	0.98	0.98	0.96	0.9	0.9	0.96	0.96	0.92	0.94	0.92	0.96	0.98	1.0	0.94	0.94	0.98	0.94	1.0	0.98	0.92	0.96	0.98	0.94	0.96	0.98	0.98	0.94	0.96	0.96	0.98	0.9	0.98	0.96	
mean=0.9574999999999997
