p=0.048
0.0	0.0	0.0	0.0	0.0	0.0	0.0	0.0	0.0	0.0	0.0	0.0	0.0	0.0	0.0	0.0	0.0	0.0	0.0	0.0	0.0	0.0	0.0	0.0	0.0	0.0	0.0	0.0	0.0	0.0	0.0	0.0	0.0	0.0	0.0	0.0	0.0	0.0	0.0	0.0	0.0	0.0	0.0	0.0	0.0	0.0	0.0	0.0	0.0	0.0	0.0	0.0	0.0	0.0	0.0	0.0	0.0	0.0	0.0	0.0	0.0	0.0	0.0	0.0	
mean=0.0
p=0.052000000000000005
0.0	0.0	0.0	0.0	0.0	0.0	0.12	0.0	0.0	0.0	0.0	0.0	0.0	0.0	0.0	0.0	0.0	0.0	0.0	0.0	0.0	0.0	0.0	0.0	0.0	0.0	0.0	0.0	0.0	0.0	0.0	0.0	0.56	0.0	0.0	0.0	0.0	0.0	0.0	0.0	0.0	0.0	0.0	0.0	0.0	0.0	0.0	0.0	0.0	0.0	0.0	0.0	0.0	0.0	0.0	0.0	0.0	0.0	0.0	0.0	0.0	0.0	0.0	0.0	
mean=0.010625
p=0.05600000000000001
0.0	0.0	0.0	0.0	0.0	0.0	0.0	0.36	0.0	0.0	0.0	0.0	0.0	0.0	0.0	0.0	0.0	0.0	0.0	0.0	0.0	0.0	0.0	0.0	0.0	0.0	0.0	0.0	0.5	0.0	0.0	0.0	0.0	0.0	0.0	0.0	0.0	0.0	0.0	0.0	0.0	0.0	0.0	0.0	0.0	0.0	0.0	0.0	0.0	0.0	0.24	0.0	0.0	0.0	0.0	0.0	0.0	0.0	0.0	0.0	0.0	0.0	0.0	0.0	
mean=0.0171875
p=0.06000000000000001
0.0	0.0	0.0	0.0	0.0	0.0	0.0	0.0	0.0	0.0	0.0	0.0	0.0	0.0	0.0	0.0	0.0	0.0	0.0	0.0	0.0	0.0	0.0	0.0	0.0	0.0	0.0	0.52	0.0	0.0	0.0	0.0	0.0	0.0	0.0	0.0	0.0	0.0	0.0	0.0	0.0	0.0	0.0	0.0	0.0	0.0	0.56	0.0	0.0	0.0	0.0	0.0	0.0	0.0	0.0	0.56	0.0	0.0	0.0	0.0	0.0	0.0	0.0	0.0	
mean=0.025625000000000002
p=0.06400000000000002
0.64	0.0	0.0	0.0	0.62	0.0	0.0	0.68	0.56	0.0	0.0	0.0	0.0	0.0	0.0	0.0	0.0	0.0	0.0	0.0	0.54	0.0	0.0	0.0	0.0	0.0	0.0	0.3	0.0	0.0	0.0	0.0	0.0	0.0	0.0	0.0	0.0	0.0	0.44	0.0	0.0	0.52	0.0	0.0	0.0	0.0	0.72	0.24	0.0	0.0	0.0	0.0	0.0	0.0	0.0	0.0	0.0	0.0	0.0	0.0	0.0	0.0	0.0	0.0	
mean=0.0821875
p=0.06800000000000002
0.48	0.0	0.46	0.66	0.0	0.54	0.0	0.74	0.42	0.0	0.0	0.0	0.0	0.72	0.44	0.0	0.0	0.0	0.0	0.0	0.0	0.0	0.5	0.7	0.0	0.0	0.0	0.0	0.0	0.28	0.0	0.5	0.52	0.0	0.56	0.4	0.0	0.72	0.6	0.0	0.0	0.0	0.0	0.0	0.0	0.58	0.0	0.46	0.62	0.66	0.64	0.48	0.0	0.0	0.0	0.0	0.0	0.48	0.54	0.0	0.0	0.48	0.0	0.0	
mean=0.22156250000000005
p=0.07200000000000002
0.88	0.0	0.82	0.0	0.78	0.0	0.82	0.0	0.56	0.0	0.58	0.0	0.6	0.66	0.0	0.42	0.0	0.6	0.0	0.0	0.0	0.74	0.0	0.5	0.82	0.58	0.0	0.0	0.36	0.0	0.0	0.52	0.0	0.84	0.0	0.58	0.74	0.82	0.74	0.0	0.0	0.0	0.0	0.82	0.68	0.62	0.56	0.0	0.8	0.0	0.0	0.0	0.0	0.3	0.0	0.0	0.72	0.0	0.74	0.0	0.78	0.36	0.0	0.0	
mean=0.31781249999999994
p=0.07600000000000003
0.52	0.0	0.7	0.66	0.0	0.7	0.48	0.0	0.82	0.36	0.0	0.52	0.9	0.62	0.56	0.78	0.8	0.72	0.76	0.44	0.52	0.88	0.56	0.52	0.56	0.6	0.68	0.52	0.0	0.72	0.4	0.58	0.0	0.0	0.5	0.52	0.86	0.86	0.92	0.0	0.0	0.0	0.74	0.0	0.74	0.52	0.74	0.8	0.68	0.0	0.0	0.58	0.88	0.76	0.86	0.34	0.0	0.82	0.78	0.74	0.74	0.78	0.7	0.0	
mean=0.5115624999999999
p=0.08000000000000002
0.68	0.62	0.8	0.7	0.56	0.0	0.6	0.74	0.0	0.8	0.66	0.76	0.0	0.82	0.74	0.58	0.9	0.68	0.86	0.86	0.7	0.0	0.84	0.0	0.8	0.84	0.58	0.88	0.72	0.78	0.78	0.94	0.68	0.0	0.0	0.78	0.8	0.66	0.64	0.52	0.8	0.78	0.88	0.0	0.78	0.7	0.0	0.86	0.72	0.84	0.64	0.86	0.78	0.56	0.0	0.4	0.38	0.66	0.88	0.92	0.0	0.46	0.42	0.84	
mean=0.6009375000000002
p=0.08400000000000002
0.82	0.6	0.44	0.7	0.54	0.92	0.94	0.0	0.72	0.72	0.0	0.8	0.84	0.62	0.76	0.56	0.7	0.84	0.82	0.92	0.92	0.72	0.8	0.88	0.84	0.64	0.64	0.74	0.86	0.7	0.78	0.92	0.84	0.84	0.62	0.76	0.82	0.8	0.82	0.8	0.88	0.8	0.38	0.42	0.92	0.86	0.8	0.84	0.66	0.68	0.8	0.7	0.76	0.9	0.88	0.74	0.72	0.78	0.44	0.78	0.88	0.86	0.94	0.78	
mean=0.7375
p=0.08800000000000002
0.98	0.82	0.9	0.76	0.92	0.78	0.86	0.78	0.92	0.52	0.76	0.78	0.8	0.9	0.72	0.88	0.8	0.82	0.94	0.78	0.86	0.96	0.92	0.9	0.62	0.76	0.76	0.8	0.92	0.84	0.88	0.64	0.9	0.84	0.78	0.68	0.62	0.7	0.88	0.88	0.76	0.96	0.72	0.62	0.72	0.8	0.76	0.86	0.92	0.7	0.8	0.8	0.86	0.92	0.8	0.7	0.86	0.92	0.82	0.92	0.86	0.92	0.82	0.82	
mean=0.815625
p=0.09200000000000003
0.7	0.86	0.84	0.92	0.9	0.76	0.88	0.84	0.84	0.78	0.8	0.86	0.9	0.7	0.96	0.76	0.86	0.94	0.84	0.88	0.6	0.92	0.92	0.9	1.0	0.84	0.92	0.9	0.92	0.96	0.84	0.86	0.68	0.84	0.86	0.8	0.86	0.84	0.88	0.76	0.94	0.88	0.72	0.76	0.88	0.88	0.92	0.76	0.92	0.8	0.92	0.62	0.64	0.92	0.92	0.7	0.96	0.86	0.9	0.86	0.9	0.82	0.92	0.92	
mean=0.8475000000000001
p=0.09600000000000003
0.78	0.94	0.88	0.82	0.94	0.86	0.9	0.86	0.94	0.88	0.88	0.88	0.86	0.54	0.9	0.78	0.94	0.8	0.8	0.96	0.9	0.9	0.88	0.94	0.9	0.86	0.92	0.82	0.94	0.88	0.96	0.88	0.8	0.9	0.84	0.98	0.96	0.7	0.84	0.94	0.98	0.8	0.94	0.74	0.92	0.84	0.92	0.9	0.92	0.92	0.92	0.84	0.98	0.92	0.94	0.98	0.9	0.92	0.96	0.88	0.9	0.96	0.9	0.9	
mean=0.8853125000000001
p=0.10000000000000003
0.9	0.86	0.96	0.92	0.9	0.94	0.88	0.94	0.9	0.76	0.94	0.96	0.96	0.82	0.92	0.98	0.94	0.98	0.98	0.94	1.0	0.98	0.8	0.96	0.84	0.8	0.98	0.96	0.9	0.96	0.94	0.96	0.88	0.96	0.94	0.94	0.98	0.86	0.9	0.92	0.9	0.9	0.86	0.88	0.92	0.88	0.92	0.94	0.96	0.82	0.88	0.86	0.98	0.92	0.98	0.86	0.94	0.94	1.0	0.94	0.88	0.9	0.88	0.84	
mean=0.9159375000000001
p=0.10400000000000004
0.92	0.92	0.84	0.9	0.96	0.94	0.96	0.96	0.88	0.94	0.96	0.94	0.9	0.98	0.86	0.96	0.92	0.96	0.94	0.92	0.86	0.92	1.0	0.88	0.92	0.96	0.92	0.98	0.96	0.98	0.84	0.94	0.88	0.96	0.98	0.88	0.94	0.96	0.92	0.98	0.94	0.92	0.98	0.9	1.0	0.88	0.86	0.94	0.98	0.86	0.94	0.92	0.92	0.94	0.92	0.98	0.96	0.96	0.94	0.92	0.84	0.94	0.92	0.88	
mean=0.9290625
p=0.10800000000000004
0.98	0.96	0.98	1.0	0.96	0.96	0.96	0.98	0.86	0.96	0.92	0.94	0.98	0.84	0.98	0.96	0.88	0.94	0.9	0.96	0.86	0.82	0.96	0.96	1.0	0.92	1.0	0.9	0.94	0.98	0.88	0.92	0.92	0.94	0.94	0.98	0.9	0.98	0.9	0.96	0.96	0.92	0.98	0.96	0.92	0.94	0.96	0.96	0.94	0.94	0.88	0.92	0.92	0.96	0.94	0.98	0.96	0.84	0.94	1.0	0.94	0.9	0.96	0.86	
mean=0.9381249999999999
p=0.11200000000000004
0.98	0.94	0.88	0.98	0.92	0.98	0.94	0.96	0.94	0.92	0.98	0.98	0.98	0.88	0.92	0.96	0.94	0.94	0.98	0.9	0.9	1.0	0.98	1.0	0.96	1.0	0.96	0.96	0.94	0.98	0.94	0.98	0.96	1.0	0.98	0.9	0.98	0.92	0.98	0.98	0.98	0.94	0.98	0.96	0.98	0.96	0.96	0.98	0.92	0.98	0.98	0.98	0.98	0.98	0.96	0.96	0.96	0.92	0.94	0.98	0.9	0.88	0.92	0.96	
mean=0.9553124999999996
