p=0.096
0.0	0.0	0.0	0.0	0.0	0.0	0.0	0.0	0.0	0.0	0.0	0.0	0.0	0.0	0.0	0.0	0.0	0.0	0.0	0.0	0.0	0.0	0.0	0.0	0.0	0.0	0.0	0.0	0.0	0.0	0.0	0.0	0.0	0.0	0.0	0.0	0.0	0.0	0.0	0.0	0.0	0.0	0.0	0.0	0.0	0.0	0.0	0.0	0.0	0.0	0.0	0.0	0.0	0.0	0.0	0.0	0.0	0.0	0.0	0.0	0.0	0.0	0.0	0.0	
mean=0.0
p=0.10400000000000001
0.0	0.0	0.0	0.0	0.0	0.0	0.0	0.0	0.0	0.0	0.0	0.0	0.0	0.0	0.0	0.0	0.0	0.0	0.0	0.0	0.0	0.0	0.0	0.0	0.0	0.0	0.0	0.0	0.0	0.0	0.0	0.0	0.0	0.0	0.0	0.0	0.0	0.0	0.0	0.0	0.0	0.0	0.0	0.0	0.0	0.0	0.0	0.0	0.0	0.0	0.0	0.0	0.0	0.0	0.0	0.0	0.0	0.0	0.0	0.0	0.0	0.0	0.0	0.0	
mean=0.0
p=0.11200000000000002
0.0	0.0	0.0	0.0	0.0	0.0	0.0	0.0	0.0	0.0	0.0	0.0	0.0	0.0	0.0	0.0	0.0	0.0	0.0	0.0	0.0	0.0	0.0	0.0	0.0	0.0	0.0	0.0	0.0	0.0	0.0	0.0	0.0	0.0	0.0	0.0	0.0	0.0	0.0	0.0	0.0	0.0	0.0	0.0	0.0	0.0	0.0	0.0	0.0	0.0	0.0	0.0	0.0	0.0	0.0	0.0	0.0	0.0	0.0	0.0	0.0	0.0	0.0	0.0	
mean=0.0
p=0.12000000000000002
0.0	0.0	0.0	0.0	0.0	0.0	0.0	0.0	0.0	0.0	0.0	0.0	0.0	0.0	0.0	0.0	0.0	0.0	0.0	0.0	0.0	0.0	0.0	0.0	0.0	0.0	0.0	0.0	0.0	0.0	0.8	0.0	0.0	0.0	0.0	0.0	0.0	0.0	0.0	0.0	0.0	0.0	0.0	0.0	0.0	0.0	0.0	0.0	0.0	0.0	0.0	0.0	0.0	0.0	0.0	0.0	0.0	0.0	0.0	0.0	0.0	0.0	0.0	0.0	
mean=0.0125
p=0.12800000000000003
0.0	0.86	0.92	0.82	0.0	0.0	0.8	0.0	0.0	0.0	0.0	0.0	0.86	0.0	0.0	0.0	0.0	0.96	0.92	0.0	0.76	0.0	0.0	0.0	0.0	0.7	0.0	0.0	0.62	0.0	0.0	0.0	0.0	0.0	0.0	0.0	0.0	0.0	0.0	0.0	0.0	0.0	0.0	0.0	0.0	0.0	0.0	0.0	0.0	0.0	0.0	0.0	0.0	0.0	0.0	0.0	0.0	0.0	0.66	0.0	0.0	0.0	0.0	0.0	
mean=0.13875
p=0.13600000000000004
0.0	0.0	0.0	0.76	0.78	0.0	0.0	0.0	0.0	0.0	0.0	0.76	0.0	0.78	0.0	0.8	0.0	0.9	0.78	0.0	0.86	0.82	0.0	0.0	0.84	0.86	0.82	0.0	0.82	0.0	0.0	0.0	0.86	0.0	0.0	0.76	0.0	0.0	0.0	0.0	0.0	0.0	0.78	0.0	0.0	0.0	0.0	0.0	0.0	0.0	0.64	0.0	0.82	0.0	0.0	0.62	0.0	0.0	0.0	0.74	0.0	0.0	0.0	0.0	
mean=0.246875
p=0.14400000000000004
0.72	0.5	0.64	0.0	0.0	0.72	0.86	0.0	0.7	0.92	0.78	0.0	0.0	0.64	0.88	0.0	0.86	0.0	0.92	0.82	0.0	0.0	0.0	0.0	0.0	0.0	0.0	0.0	0.0	0.0	0.0	0.9	0.86	0.52	0.76	0.68	0.84	0.74	0.0	0.86	0.72	0.9	0.0	0.6	0.96	0.86	0.0	0.88	0.0	0.66	0.0	0.0	0.74	0.0	0.0	0.96	0.0	0.0	0.0	0.0	0.76	0.0	0.0	0.84	
mean=0.39062499999999994
p=0.15200000000000005
0.9	0.68	0.88	0.9	0.74	0.9	0.78	0.96	0.72	0.86	0.96	0.92	0.86	0.96	0.8	0.84	0.92	0.92	0.96	0.94	0.68	0.96	0.96	0.0	0.92	0.96	0.76	0.82	0.0	0.7	0.88	0.94	0.88	0.0	0.0	0.0	0.9	0.76	0.88	0.9	0.88	0.8	1.0	0.0	0.78	0.0	0.0	0.74	0.92	1.0	0.88	0.94	0.86	0.82	0.78	0.68	0.96	0.94	0.8	0.62	0.96	0.8	0.78	0.0	
mean=0.738125
p=0.16000000000000003
0.98	0.98	1.0	0.96	0.98	0.72	0.88	0.94	0.62	0.96	0.86	0.88	0.94	0.86	0.9	0.96	0.94	0.94	0.82	0.9	0.94	0.84	0.94	0.96	0.88	0.68	0.8	0.96	0.88	0.88	0.66	0.9	0.98	0.96	0.88	0.94	0.82	0.9	0.9	1.0	0.92	0.9	0.88	0.94	0.88	0.8	0.98	1.0	0.94	1.0	0.94	0.96	1.0	0.92	0.86	0.9	0.8	0.54	0.9	0.94	0.94	0.86	0.94	0.94	
mean=0.8968749999999995
p=0.16800000000000004
1.0	0.86	0.96	0.98	0.96	0.96	0.9	0.92	0.82	0.94	0.9	0.78	0.88	0.94	0.96	1.0	0.9	0.92	1.0	0.96	0.8	0.98	0.96	0.92	0.88	0.9	0.94	0.98	0.84	0.94	0.96	0.8	0.9	0.98	0.92	0.68	0.98	0.94	0.94	0.92	0.9	0.86	0.94	0.76	0.98	0.96	0.96	0.96	0.92	0.94	0.92	0.9	1.0	0.78	0.92	0.92	0.9	1.0	1.0	0.9	0.92	0.98	0.94	0.98	
mean=0.9209374999999997
p=0.17600000000000005
1.0	0.98	0.94	0.96	0.9	0.98	0.96	1.0	0.94	0.92	1.0	0.98	1.0	0.98	0.98	0.94	0.98	0.92	0.96	0.98	0.84	1.0	0.98	0.96	0.94	0.96	0.88	1.0	0.98	0.9	0.96	0.9	0.9	0.94	1.0	1.0	0.92	0.96	0.88	0.96	0.96	0.94	1.0	1.0	0.94	0.98	0.92	1.0	0.98	0.88	0.94	0.96	0.96	0.98	0.96	0.9	1.0	0.96	0.98	0.92	0.98	0.94	0.98	0.98	
mean=0.9562499999999998
