p=0.096
0.0	0.0	0.0	0.0	0.0	0.0	0.0	0.0	0.0	0.0	0.0	0.0	0.0	0.0	0.0	0.0	0.0	0.0	0.0	0.0	0.0	0.0	0.0	0.0	0.0	0.0	0.0	0.0	0.0	0.0	0.0	0.0	0.0	0.0	0.0	0.0	0.0	0.0	0.0	0.0	0.0	0.0	0.0	0.0	0.0	0.0	0.0	0.0	0.0	0.0	0.0	0.0	0.0	0.0	0.0	0.0	0.0	0.0	0.0	0.0	0.0	0.0	0.0	0.0	
mean=0.0
p=0.10400000000000001
0.0	0.0	0.0	0.0	0.0	0.0	0.0	0.0	0.0	0.0	0.0	0.0	0.0	0.0	0.0	0.0	0.0	0.0	0.0	0.0	0.0	0.0	0.0	0.0	0.0	0.0	0.0	0.0	0.0	0.0	0.0	0.0	0.0	0.0	0.0	0.0	0.0	0.0	0.0	0.0	0.0	0.0	0.0	0.0	0.0	0.0	0.0	0.0	0.0	0.0	0.0	0.0	0.0	0.0	0.0	0.0	0.0	0.0	0.0	0.0	0.0	0.0	0.0	0.0	
mean=0.0
p=0.11200000000000002
0.0	0.0	0.0	0.0	0.0	0.0	0.0	0.0	0.0	0.0	0.0	0.0	0.0	0.0	0.0	0.0	0.0	0.0	0.0	0.0	0.0	0.0	0.0	0.0	0.0	0.0	0.0	0.0	0.0	0.0	0.0	0.0	0.0	0.0	0.0	0.0	0.0	0.0	0.0	0.0	0.0	0.0	0.0	0.0	0.0	0.0	0.0	0.0	0.0	0.0	0.0	0.0	0.0	0.0	0.0	0.0	0.0	0.0	0.0	0.0	0.0	0.0	0.0	0.0	
mean=0.0
p=0.12000000000000002
0.0	0.0	0.0	0.0	0.0	0.0	0.0	0.0	0.0	0.0	0.0	0.0	0.0	0.0	0.0	0.0	0.0	0.0	0.0	0.0	0.0	0.0	0.0	0.0	0.0	0.0	0.0	0.0	0.0	0.0	0.0	0.0	0.0	0.0	0.64	0.0	0.0	0.0	0.0	0.0	0.0	0.0	0.0	0.0	0.0	0.0	0.0	0.0	0.0	0.0	0.0	0.0	0.0	0.0	0.0	0.0	0.0	0.0	0.0	0.0	0.0	0.0	0.0	0.0	
mean=0.01
p=0.12800000000000003
0.66	0.8	0.0	0.0	0.0	0.0	0.0	0.0	0.0	0.0	0.0	0.0	0.0	0.0	0.0	0.0	0.0	0.0	0.0	0.0	0.0	0.0	0.0	0.0	0.0	0.0	0.0	0.0	0.0	0.0	0.64	0.0	0.0	0.0	0.0	0.0	0.0	0.0	0.0	0.0	0.0	0.0	0.0	0.0	0.0	0.0	0.0	0.0	0.0	0.0	0.0	0.0	0.0	0.0	0.0	0.0	0.0	0.0	0.0	0.0	0.0	0.0	0.0	0.0	
mean=0.0328125
p=0.13600000000000004
0.88	0.0	0.0	0.0	0.76	0.0	0.0	0.0	0.0	0.7	0.0	0.0	0.0	0.68	0.92	0.88	0.76	0.76	0.86	0.0	0.0	0.0	0.0	0.0	0.0	0.0	0.0	0.76	0.0	0.0	0.0	0.98	0.0	0.0	0.0	0.86	0.0	0.66	0.0	0.64	0.0	0.78	0.0	0.0	0.0	0.0	0.0	0.0	0.0	0.0	0.0	0.0	0.0	0.0	0.8	0.0	0.0	0.86	0.78	0.0	0.92	0.0	0.92	0.0	
mean=0.2525
p=0.14400000000000004
0.0	0.0	0.0	0.0	0.76	0.8	0.86	0.0	0.0	0.86	0.0	0.0	0.0	0.88	0.86	0.74	0.94	0.82	0.0	0.62	0.0	0.0	0.0	0.76	0.0	0.0	0.0	0.84	0.52	0.0	0.82	0.82	0.84	0.0	0.92	0.0	0.9	0.0	0.0	0.0	0.92	0.8	0.92	0.0	0.0	0.9	0.0	0.0	0.82	0.0	0.88	0.0	0.0	0.0	0.0	0.92	0.86	0.0	0.84	0.78	0.0	0.9	0.8	0.0	
mean=0.38906250000000003
p=0.15200000000000005
0.86	0.94	0.86	0.92	0.98	0.9	0.0	0.0	0.72	0.9	0.72	0.82	0.94	0.78	0.74	0.84	0.92	0.82	0.0	0.0	0.0	0.88	0.94	0.88	0.9	0.0	0.7	0.96	0.78	0.0	0.82	0.76	0.92	0.84	0.84	0.0	0.94	0.72	0.8	0.94	0.0	0.0	0.0	0.78	0.92	0.8	0.0	0.86	0.94	0.82	0.78	1.0	0.86	0.0	0.7	0.92	0.0	0.0	0.0	0.0	0.94	0.62	0.7	0.94	
mean=0.6228125000000001
p=0.16000000000000003
0.94	0.96	1.0	0.92	0.94	0.76	0.8	0.92	0.96	0.84	0.96	0.9	0.64	0.82	0.88	0.96	0.82	0.86	0.92	0.88	0.72	0.62	0.86	0.92	0.94	0.96	0.82	0.78	0.92	0.94	0.88	0.92	1.0	0.92	0.94	0.94	0.96	0.76	0.94	0.92	0.82	0.96	0.84	0.98	0.96	0.94	0.94	0.92	0.96	0.96	0.74	0.8	0.92	0.92	0.92	0.86	0.76	0.86	0.88	0.92	0.94	0.94	0.82	0.82	
mean=0.8862500000000002
p=0.16800000000000004
0.9	1.0	0.98	0.98	0.92	1.0	0.94	1.0	0.96	0.96	0.92	0.76	0.96	0.92	1.0	0.9	1.0	0.92	0.92	0.9	0.94	0.94	1.0	1.0	0.9	0.9	0.98	0.94	0.86	0.94	0.88	0.98	0.98	0.92	0.96	0.98	0.94	0.86	0.98	0.96	0.96	1.0	0.9	0.94	0.98	0.96	0.94	0.94	0.88	0.98	0.96	0.9	0.9	1.0	0.8	0.86	0.98	0.96	0.96	1.0	0.96	0.96	0.94	0.96	
mean=0.9421874999999997
p=0.17600000000000005
0.94	1.0	0.96	0.98	0.98	1.0	0.96	0.98	1.0	0.9	0.9	0.96	0.96	0.84	1.0	0.98	0.88	0.98	0.96	0.98	0.98	0.98	0.92	0.96	0.9	0.98	0.94	0.96	0.98	0.88	0.9	0.98	1.0	0.84	0.92	0.98	0.92	1.0	0.94	0.98	0.9	0.94	1.0	0.98	0.92	0.96	0.98	1.0	0.98	0.96	0.98	0.94	0.96	0.98	0.98	0.76	0.7	0.94	1.0	0.94	0.92	0.94	0.96	1.0	
mean=0.9484374999999996
p=0.18400000000000005
0.96	1.0	0.98	0.98	1.0	0.98	0.98	0.98	0.92	1.0	1.0	0.98	0.96	0.98	1.0	0.98	0.96	0.98	0.98	0.98	0.94	0.96	0.94	0.98	0.9	0.98	0.94	0.94	0.96	0.98	0.94	0.98	0.98	0.96	0.94	0.94	1.0	1.0	0.96	0.98	0.92	0.94	0.94	0.98	0.94	0.94	0.98	0.92	1.0	0.94	0.94	0.96	0.98	0.96	0.96	0.98	0.96	0.98	1.0	0.94	0.96	1.0	0.98	0.96	
mean=0.9662499999999997
