p=0.048
0.0	0.0	0.0	0.0	0.0	0.0	0.0	0.0	0.0	0.0	0.0	0.0	0.0	0.0	0.0	0.0	0.0	0.0	0.0	0.0	0.0	0.0	0.0	0.0	0.0	0.0	0.0	0.0	0.0	0.0	0.0	0.0	0.0	0.0	0.0	0.0	0.0	0.0	0.0	0.0	0.0	0.0	0.0	0.0	0.0	0.0	0.0	0.0	0.0	0.0	0.0	0.0	0.0	0.0	0.0	0.0	0.0	0.0	0.0	0.0	0.0	0.0	0.0	0.0	
mean=0.0
p=0.052000000000000005
0.0	0.0	0.0	0.0	0.0	0.0	0.0	0.0	0.0	0.0	0.0	0.0	0.0	0.0	0.0	0.0	0.0	0.0	0.0	0.0	0.0	0.0	0.0	0.0	0.0	0.0	0.0	0.0	0.0	0.0	0.0	0.0	0.0	0.0	0.0	0.0	0.0	0.0	0.0	0.0	0.0	0.0	0.0	0.0	0.0	0.0	0.0	0.0	0.0	0.0	0.0	0.0	0.0	0.0	0.0	0.0	0.0	0.0	0.0	0.0	0.0	0.0	0.0	0.0	
mean=0.0
p=0.05600000000000001
0.0	0.0	0.0	0.0	0.0	0.0	0.0	0.0	0.0	0.0	0.0	0.0	0.0	0.0	0.0	0.0	0.0	0.0	0.0	0.0	0.0	0.0	0.0	0.0	0.0	0.0	0.0	0.0	0.0	0.0	0.0	0.0	0.0	0.0	0.0	0.4	0.0	0.0	0.0	0.0	0.0	0.0	0.0	0.0	0.0	0.0	0.0	0.0	0.0	0.0	0.0	0.0	0.0	0.0	0.0	0.0	0.0	0.0	0.0	0.0	0.0	0.0	0.0	0.0	
mean=0.00625
p=0.06000000000000001
0.0	0.0	0.0	0.0	0.0	0.0	0.0	0.0	0.0	0.0	0.0	0.0	0.0	0.0	0.0	0.0	0.0	0.0	0.0	0.0	0.0	0.0	0.0	0.0	0.0	0.0	0.0	0.0	0.0	0.0	0.32	0.0	0.0	0.0	0.0	0.0	0.0	0.0	0.0	0.0	0.0	0.0	0.0	0.0	0.0	0.0	0.0	0.0	0.0	0.0	0.0	0.0	0.0	0.0	0.0	0.0	0.0	0.0	0.0	0.0	0.0	0.0	0.0	0.0	
mean=0.005
p=0.06400000000000002
0.0	0.0	0.0	0.56	0.0	0.0	0.0	0.0	0.0	0.0	0.0	0.0	0.0	0.0	0.0	0.0	0.0	0.0	0.0	0.0	0.0	0.0	0.0	0.0	0.0	0.0	0.0	0.0	0.0	0.0	0.0	0.0	0.0	0.0	0.0	0.0	0.0	0.0	0.0	0.56	0.0	0.0	0.0	0.0	0.66	0.0	0.0	0.0	0.0	0.74	0.0	0.0	0.0	0.0	0.0	0.0	0.0	0.0	0.0	0.0	0.0	0.36	0.0	0.0	
mean=0.045000000000000005
p=0.06800000000000002
0.0	0.0	0.56	0.0	0.0	0.0	0.0	0.34	0.0	0.48	0.0	0.0	0.0	0.0	0.0	0.8	0.0	0.42	0.6	0.0	0.84	0.0	0.56	0.0	0.78	0.52	0.56	0.0	0.0	0.5	0.0	0.48	0.0	0.0	0.0	0.0	0.0	0.0	0.78	0.72	0.0	0.0	0.0	0.0	0.0	0.64	0.0	0.3	0.0	0.0	0.0	0.0	0.42	0.0	0.0	0.64	0.0	0.46	0.0	0.0	0.0	0.0	0.0	0.6	
mean=0.18750000000000006
p=0.07200000000000002
0.62	0.66	0.44	0.8	0.62	0.36	0.0	0.7	0.58	0.0	0.36	0.0	0.74	0.0	0.0	0.74	0.0	0.0	0.0	0.0	0.54	0.0	0.68	0.0	0.46	0.42	0.0	0.0	0.0	0.56	0.82	0.0	0.0	0.76	0.66	0.0	0.62	0.7	0.0	0.0	0.78	0.6	0.82	0.0	0.62	0.0	0.6	0.0	0.0	0.24	0.0	0.76	0.0	0.0	0.0	0.0	0.64	0.44	0.0	0.0	0.0	0.0	0.66	0.0	
mean=0.296875
p=0.07600000000000003
0.88	0.62	0.56	0.48	0.0	0.78	0.0	0.0	0.64	0.38	0.84	0.44	0.7	0.0	0.24	0.94	0.0	0.66	0.54	0.82	0.88	0.66	0.68	0.48	0.72	0.26	0.0	0.62	0.28	0.78	0.42	0.76	0.56	0.68	0.0	0.44	0.68	0.62	0.46	0.84	0.54	0.88	0.64	0.32	0.82	0.0	0.84	0.66	0.74	0.78	0.56	0.54	0.0	0.44	0.54	0.82	0.72	0.6	0.68	0.66	0.0	0.0	0.52	0.0	
mean=0.51
p=0.08000000000000002
0.44	0.62	0.72	0.72	0.9	0.94	0.9	0.8	0.88	0.5	0.64	0.88	0.88	0.76	0.82	0.8	0.64	0.0	0.74	0.86	0.78	0.74	0.74	0.54	0.82	0.82	0.28	0.68	0.52	0.9	0.8	0.72	0.64	0.74	0.84	0.24	0.74	0.86	0.48	0.74	0.66	0.86	0.86	0.88	0.64	0.78	0.62	0.72	0.76	0.42	0.7	0.0	0.54	0.78	0.84	0.8	0.84	0.6	0.58	0.84	0.0	0.94	0.7	0.66	
mean=0.68875
p=0.08400000000000002
0.78	0.86	0.86	0.88	0.64	0.72	0.92	0.76	0.84	0.82	0.9	0.74	0.82	0.88	0.86	0.74	0.88	0.94	0.84	0.8	0.6	0.76	0.92	0.76	0.5	0.76	0.6	0.66	0.76	0.82	0.9	0.82	0.82	0.78	0.7	0.88	0.3	0.74	0.8	0.0	0.82	0.76	0.92	0.76	0.72	0.94	0.86	0.7	0.8	0.92	0.88	0.86	0.88	0.66	0.72	0.9	0.62	0.44	1.0	0.78	0.78	0.52	0.44	0.76	
mean=0.7625000000000001
p=0.08800000000000002
0.94	0.88	0.84	0.7	0.88	0.88	0.72	0.82	0.76	0.58	0.84	0.8	0.94	0.9	0.96	0.78	0.84	0.78	0.56	0.9	0.0	0.86	0.84	0.96	0.74	0.76	0.54	0.98	0.8	0.92	0.68	0.72	0.92	0.82	0.76	0.52	0.92	0.0	0.78	0.8	0.84	0.8	0.68	0.68	0.84	0.86	0.84	0.82	0.72	0.9	0.86	0.92	0.78	0.86	0.92	0.76	0.82	0.94	0.98	0.82	0.0	0.9	0.4	0.92	
mean=0.7731250000000001
p=0.09200000000000003
0.96	0.92	0.0	0.96	0.88	0.94	0.96	0.68	0.96	0.92	0.86	0.74	0.82	0.72	0.9	0.78	0.82	0.94	0.94	0.94	0.92	0.98	0.88	0.88	0.9	0.92	0.94	0.82	0.96	0.68	0.88	0.98	0.72	0.78	0.94	0.84	0.56	0.84	0.94	0.7	0.8	0.96	0.74	0.88	0.88	0.96	0.88	0.88	0.84	0.96	0.84	0.76	0.88	0.88	0.82	0.92	0.72	0.74	0.92	0.92	0.92	0.96	0.88	0.76	
mean=0.8500000000000005
p=0.09600000000000003
0.86	0.8	0.8	0.86	0.92	0.98	0.94	0.76	0.86	0.96	0.88	0.7	0.94	0.94	0.88	0.86	0.88	0.84	0.92	0.82	0.9	0.98	0.9	0.94	0.86	0.86	0.82	0.94	0.82	0.96	0.82	0.9	0.96	0.84	0.88	0.72	0.9	0.88	0.86	0.94	0.9	0.94	0.9	0.96	0.86	0.86	0.84	0.74	0.88	0.82	0.86	0.94	0.9	0.86	0.92	0.78	0.92	0.94	0.82	0.82	0.92	0.96	0.8	0.76	
mean=0.8746875
p=0.10000000000000003
0.9	0.96	0.94	0.8	0.88	0.92	0.88	0.88	0.9	0.86	0.84	0.86	0.96	0.92	0.92	0.76	0.88	0.98	0.84	0.92	0.96	0.98	0.94	0.88	0.88	0.84	0.8	0.98	0.96	0.84	0.9	0.66	0.96	0.86	0.86	0.86	0.96	0.96	0.96	0.9	0.84	0.9	0.94	0.92	0.94	0.94	0.86	0.8	1.0	0.84	0.88	0.9	0.82	0.94	0.88	0.92	0.94	0.92	0.9	0.98	0.96	0.9	0.92	0.94	
mean=0.8987499999999999
p=0.10400000000000004
0.94	0.96	0.98	0.88	1.0	0.96	0.98	0.88	0.94	0.98	0.86	0.84	0.96	0.96	0.9	0.94	0.92	0.94	0.98	0.94	0.84	0.92	0.8	0.94	0.88	0.96	0.92	0.98	1.0	0.94	0.96	0.92	1.0	0.98	0.96	0.92	0.9	0.84	0.84	0.86	1.0	0.98	0.92	0.96	0.9	0.84	0.94	0.94	0.98	0.96	0.92	0.94	0.98	0.96	0.98	0.88	0.92	0.98	0.92	0.88	0.96	0.98	0.98	0.96	
mean=0.9337500000000001
p=0.10800000000000004
0.88	0.96	0.96	0.86	0.98	0.92	0.96	0.88	0.96	0.94	0.94	0.9	0.92	0.98	1.0	0.96	0.98	0.94	0.88	0.9	0.98	0.88	0.9	0.96	0.96	0.96	0.92	0.96	0.94	0.94	0.92	0.94	0.94	0.92	0.96	0.96	0.98	1.0	0.96	0.94	1.0	0.94	0.94	0.96	0.92	0.94	1.0	0.94	0.98	0.76	0.98	0.94	0.94	0.9	0.94	0.9	1.0	0.9	1.0	0.92	0.92	0.98	0.98	0.9	
mean=0.9406249999999996
p=0.11200000000000004
1.0	0.94	0.94	0.94	0.98	1.0	0.94	0.98	0.92	0.98	0.98	0.9	0.9	0.94	0.98	0.8	0.94	1.0	0.98	0.94	0.96	0.94	1.0	0.9	0.98	0.94	0.96	0.84	0.98	1.0	0.96	0.94	0.98	0.92	0.96	0.9	0.98	0.84	0.98	0.92	0.98	0.94	0.98	0.94	0.98	0.94	1.0	1.0	0.9	0.96	0.96	0.98	0.92	0.98	0.96	0.94	0.96	1.0	0.96	0.98	0.96	0.98	1.0	0.94	
mean=0.9531249999999997
