p=0.072
0.0	0.0	0.0	0.0	0.0	0.0	0.0	0.0	0.0	0.0	0.0	0.0	0.0	0.0	0.0	0.0	0.0	0.0	0.0	0.0	0.0	0.0	0.0	0.0	0.0	0.0	0.0	0.0	0.0	0.0	0.0	0.0	0.0	0.0	0.0	0.0	0.0	0.0	0.0	0.0	0.0	0.0	0.0	0.0	0.0	0.0	0.0	0.0	0.0	0.0	0.0	0.0	0.0	0.0	0.0	0.0	0.0	0.0	0.0	0.0	0.0	0.0	0.0	0.0	
mean=0.0
p=0.078
0.0	0.0	0.0	0.0	0.0	0.0	0.0	0.0	0.0	0.0	0.0	0.0	0.0	0.0	0.0	0.0	0.0	0.0	0.0	0.0	0.0	0.0	0.0	0.0	0.0	0.0	0.0	0.0	0.0	0.0	0.0	0.0	0.0	0.0	0.0	0.0	0.0	0.0	0.0	0.0	0.0	0.0	0.0	0.0	0.0	0.0	0.0	0.0	0.0	0.0	0.0	0.0	0.0	0.0	0.0	0.0	0.0	0.0	0.0	0.0	0.0	0.0	0.0	0.0	
mean=0.0
p=0.084
0.0	0.0	0.0	0.0	0.0	0.0	0.0	0.0	0.0	0.0	0.0	0.0	0.0	0.0	0.0	0.0	0.0	0.0	0.0	0.0	0.0	0.0	0.0	0.0	0.0	0.0	0.0	0.0	0.0	0.0	0.0	0.0	0.0	0.0	0.0	0.0	0.0	0.0	0.0	0.0	0.0	0.0	0.0	0.0	0.0	0.0	0.0	0.0	0.0	0.0	0.0	0.0	0.0	0.0	0.0	0.0	0.0	0.0	0.0	0.0	0.0	0.0	0.0	0.0	
mean=0.0
p=0.09000000000000001
0.0	0.0	0.0	0.0	0.0	0.0	0.0	0.0	0.0	0.0	0.0	0.0	0.0	0.0	0.0	0.0	0.0	0.0	0.0	0.0	0.0	0.0	0.0	0.0	0.0	0.0	0.0	0.0	0.0	0.0	0.0	0.0	0.0	0.0	0.0	0.0	0.0	0.0	0.0	0.78	0.0	0.0	0.0	0.0	0.0	0.0	0.0	0.0	0.0	0.0	0.0	0.0	0.0	0.0	0.0	0.0	0.0	0.0	0.0	0.0	0.0	0.0	0.0	0.0	
mean=0.0121875
p=0.09600000000000002
0.0	0.72	0.0	0.0	0.0	0.0	0.0	0.0	0.0	0.0	0.0	0.0	0.0	0.0	0.0	0.0	0.0	0.0	0.0	0.0	0.0	0.0	0.0	0.0	0.0	0.0	0.0	0.0	0.0	0.0	0.0	0.72	0.0	0.0	0.0	0.52	0.0	0.0	0.0	0.0	0.0	0.0	0.0	0.0	0.0	0.0	0.0	0.0	0.0	0.0	0.0	0.0	0.0	0.0	0.0	0.0	0.0	0.0	0.0	0.0	0.0	0.0	0.0	0.0	
mean=0.030625
p=0.10200000000000002
0.0	0.0	0.7	0.0	0.0	0.0	0.0	0.0	0.0	0.0	0.0	0.5	0.0	0.6	0.72	0.0	0.0	0.0	0.0	0.0	0.0	0.0	0.0	0.0	0.82	0.0	0.0	0.0	0.54	0.0	0.0	0.82	0.0	0.0	0.0	0.0	0.0	0.0	0.0	0.0	0.0	0.0	0.74	0.76	0.86	0.0	0.0	0.0	0.0	0.0	0.0	0.74	0.0	0.74	0.0	0.0	0.0	0.0	0.0	0.0	0.0	0.0	0.0	0.0	
mean=0.1334375
p=0.10800000000000003
0.82	0.76	0.0	0.64	0.74	0.84	0.76	0.0	0.88	0.86	0.0	0.0	0.0	0.0	0.62	0.7	0.0	0.0	0.56	0.88	0.0	0.0	0.78	0.0	0.0	0.0	0.6	0.0	0.0	0.0	0.0	0.0	0.0	0.0	0.0	0.68	0.0	0.0	0.76	0.0	0.72	0.78	0.66	0.0	0.0	0.0	0.0	0.0	0.0	0.78	0.0	0.0	0.0	0.78	0.0	0.0	0.0	0.0	0.0	0.74	0.74	0.9	0.62	0.0	
mean=0.2906249999999999
p=0.11400000000000003
0.8	0.88	0.82	0.0	0.66	0.78	0.0	0.0	0.0	0.84	0.72	0.94	0.74	0.0	0.0	0.76	0.68	0.96	0.6	0.0	0.86	0.64	0.0	0.86	0.74	0.92	0.74	0.84	0.88	0.9	0.68	0.9	0.82	0.74	0.48	0.72	0.68	0.8	0.76	0.82	0.0	0.78	0.0	0.82	0.0	0.86	0.8	0.52	0.6	0.88	0.0	0.82	0.0	0.96	0.74	0.78	0.86	0.0	0.0	0.62	0.0	0.9	0.82	0.82	
mean=0.5865624999999999
p=0.12000000000000002
0.0	0.72	0.0	0.7	0.86	0.9	0.0	0.0	0.82	0.96	0.68	0.0	0.78	0.86	0.82	0.92	0.86	0.74	0.0	0.92	0.94	0.86	0.88	0.92	0.88	0.82	0.84	0.9	0.84	0.74	0.86	0.8	0.66	0.0	0.88	0.94	0.78	0.38	0.86	0.94	0.0	0.84	0.0	0.94	0.82	0.96	0.88	0.9	0.78	0.88	0.74	0.94	0.7	0.76	0.84	0.62	0.7	0.0	0.94	0.88	0.8	0.92	0.92	0.86	
mean=0.7012500000000002
p=0.12600000000000003
1.0	0.96	0.86	0.96	0.84	0.8	0.9	0.92	0.8	0.82	0.78	0.9	0.84	0.84	0.9	0.82	0.94	0.94	0.9	0.9	0.88	1.0	0.86	0.92	0.8	0.96	0.88	0.96	0.94	0.94	0.94	0.92	0.94	0.92	0.88	0.76	0.9	1.0	0.9	0.88	0.88	0.8	0.94	0.94	0.5	0.94	0.82	0.9	0.86	0.98	0.9	0.86	0.96	0.9	0.82	0.78	0.82	0.9	0.96	0.94	0.92	0.92	0.8	0.76	
mean=0.8843749999999998
p=0.13200000000000003
0.98	0.98	0.92	0.96	1.0	0.86	0.88	0.86	0.66	0.96	0.94	0.94	0.96	0.94	0.88	0.92	0.9	0.94	0.94	0.94	0.78	0.88	0.84	0.94	0.96	0.94	0.76	0.88	0.88	0.88	0.96	0.92	0.94	0.98	0.9	0.86	0.96	0.92	0.94	0.88	0.92	0.9	0.96	0.8	0.98	0.9	0.94	0.98	0.8	0.98	0.94	0.94	0.88	0.88	1.0	0.96	0.96	0.88	0.74	0.98	0.72	0.9	0.92	0.94	
mean=0.90875
p=0.13800000000000004
0.86	0.98	1.0	0.96	0.92	0.96	1.0	1.0	0.92	0.92	0.98	0.94	0.98	0.84	0.96	1.0	0.96	0.98	0.92	0.92	0.9	0.94	0.9	0.82	0.96	0.94	0.98	0.88	0.98	0.98	0.94	0.96	0.88	0.98	0.96	0.9	0.96	0.98	0.86	0.88	0.92	0.98	0.94	0.98	0.96	0.9	0.88	0.96	0.94	0.96	0.9	0.92	0.92	0.98	0.92	0.98	0.94	0.8	0.94	0.88	0.92	0.96	0.98	0.86	
mean=0.9359374999999999
p=0.14400000000000004
0.96	1.0	0.98	0.92	0.98	1.0	0.96	0.98	0.92	0.98	0.98	0.96	0.88	0.9	0.94	0.92	0.92	0.96	1.0	1.0	1.0	0.86	0.92	0.96	0.98	0.94	0.94	0.88	0.98	0.94	0.92	1.0	0.98	0.88	0.96	0.94	0.94	0.94	0.98	0.98	0.94	1.0	0.84	1.0	1.0	1.0	1.0	0.96	1.0	0.86	0.96	1.0	0.96	0.94	0.98	0.96	0.86	0.96	0.94	0.96	0.94	0.98	0.92	0.9	
mean=0.9518749999999999
