p=0.096
0.0	0.0	0.0	0.0	0.0	0.0	0.0	0.0	0.0	0.0	0.0	0.0	0.0	0.0	0.0	0.0	0.0	0.0	0.0	0.0	0.0	0.0	0.0	0.0	0.0	0.0	0.0	0.0	0.0	0.0	0.0	0.0	0.0	0.0	0.0	0.0	0.0	0.0	0.0	0.0	0.0	0.0	0.0	0.0	0.0	0.0	0.0	0.0	0.0	0.0	0.0	0.0	0.0	0.0	0.0	0.0	0.0	0.0	0.0	0.0	0.0	0.0	0.0	0.0	
mean=0.0
p=0.10400000000000001
0.0	0.0	0.0	0.0	0.0	0.0	0.0	0.0	0.0	0.0	0.0	0.0	0.0	0.0	0.0	0.0	0.0	0.0	0.0	0.0	0.0	0.0	0.0	0.0	0.0	0.0	0.0	0.0	0.0	0.0	0.0	0.0	0.0	0.0	0.0	0.0	0.0	0.0	0.0	0.0	0.0	0.0	0.0	0.0	0.0	0.0	0.0	0.0	0.0	0.0	0.0	0.0	0.0	0.0	0.0	0.0	0.0	0.0	0.0	0.0	0.0	0.0	0.0	0.0	
mean=0.0
p=0.11200000000000002
0.0	0.0	0.0	0.0	0.0	0.0	0.0	0.0	0.0	0.0	0.0	0.0	0.0	0.0	0.0	0.0	0.0	0.0	0.0	0.0	0.0	0.0	0.0	0.0	0.0	0.0	0.0	0.0	0.0	0.0	0.0	0.0	0.0	0.0	0.0	0.0	0.0	0.0	0.0	0.0	0.0	0.0	0.0	0.0	0.0	0.0	0.0	0.0	0.0	0.0	0.0	0.0	0.0	0.0	0.0	0.0	0.0	0.0	0.0	0.0	0.0	0.0	0.0	0.0	
mean=0.0
p=0.12000000000000002
0.0	0.0	0.0	0.0	0.0	0.0	0.0	0.0	0.0	0.0	0.0	0.0	0.0	0.0	0.0	0.0	0.0	0.0	0.0	0.0	0.0	0.0	0.0	0.0	0.0	0.0	0.0	0.0	0.0	0.0	0.0	0.0	0.0	0.0	0.0	0.0	0.0	0.0	0.0	0.0	0.0	0.0	0.0	0.0	0.0	0.0	0.0	0.0	0.0	0.0	0.0	0.0	0.0	0.0	0.0	0.0	0.0	0.0	0.0	0.0	0.0	0.0	0.0	0.0	
mean=0.0
p=0.12800000000000003
0.0	0.0	0.0	0.0	0.84	0.0	0.0	0.0	0.0	0.0	0.0	0.0	0.0	0.0	0.0	0.74	0.0	0.0	0.0	0.0	0.0	0.0	0.0	0.0	0.0	0.78	0.0	0.0	0.0	0.0	0.0	0.0	0.84	0.0	0.0	0.0	0.0	0.0	0.0	0.0	0.0	0.0	0.0	0.0	0.0	0.86	0.0	0.0	0.0	0.0	0.0	0.8	0.0	0.0	0.0	0.0	0.0	0.0	0.0	0.0	0.0	0.8	0.0	0.0	
mean=0.0884375
p=0.13600000000000004
0.0	0.92	0.0	0.86	0.0	0.0	0.0	0.0	0.0	0.0	0.0	0.0	0.0	0.0	0.0	0.0	0.0	0.0	0.0	0.9	0.0	0.0	0.82	0.88	0.0	0.0	0.74	0.0	0.0	0.84	0.0	0.0	0.0	0.64	0.0	0.0	0.0	0.0	0.0	0.0	0.0	0.0	0.0	0.0	0.0	0.0	0.78	0.0	0.0	0.0	0.0	0.0	0.0	0.68	0.0	0.0	0.0	0.0	0.0	0.0	0.82	0.78	0.0	0.0	
mean=0.1509375
p=0.14400000000000004
0.72	0.0	0.48	0.0	0.94	0.9	0.0	0.0	0.68	0.0	0.0	0.96	0.72	0.0	0.76	0.82	0.0	0.58	0.88	0.7	0.0	0.0	0.0	0.0	0.0	0.84	0.88	0.0	0.78	0.0	0.0	0.64	0.0	0.84	0.0	0.78	0.0	0.86	0.0	0.0	0.0	0.0	0.78	0.86	0.0	0.0	0.94	0.0	0.0	0.7	0.86	0.0	0.0	0.0	0.0	0.9	0.0	0.92	0.0	0.82	0.0	0.68	0.0	0.68	
mean=0.3578125
p=0.15200000000000005
0.82	0.92	0.88	0.82	0.92	0.86	0.82	0.94	0.9	0.0	0.0	0.0	0.74	0.82	0.92	0.0	0.76	0.76	0.88	0.92	0.92	0.9	0.92	0.0	0.76	0.86	0.0	0.88	0.88	0.88	0.98	0.74	0.94	0.86	0.76	0.88	0.76	0.76	0.0	0.0	0.86	0.92	0.68	0.0	0.0	0.0	0.98	0.0	0.84	0.96	0.0	0.0	0.86	0.68	0.0	0.96	0.68	0.68	0.94	0.86	0.92	0.92	0.66	0.98	
mean=0.6521874999999999
p=0.16000000000000003
0.92	0.96	0.86	0.98	1.0	0.88	0.88	0.98	0.96	0.86	0.82	0.94	0.86	0.86	0.0	0.92	0.78	0.9	0.9	0.96	0.98	0.78	0.96	0.88	0.94	0.92	0.86	0.92	0.92	0.94	0.98	0.92	0.9	0.84	0.94	0.94	0.76	0.66	0.94	0.92	0.84	0.92	0.88	0.92	1.0	0.88	0.92	0.86	0.94	0.9	0.88	0.96	0.94	0.82	0.92	0.96	0.98	0.96	0.98	1.0	0.88	0.9	0.88	0.96	
mean=0.8937500000000003
p=0.16800000000000004
0.96	0.92	0.92	0.88	0.96	0.96	0.86	0.94	0.92	0.98	0.94	0.9	0.96	0.98	0.88	0.98	0.96	0.98	0.88	0.9	0.9	0.98	1.0	0.96	0.92	0.84	0.88	0.96	1.0	0.94	0.94	0.96	0.96	0.88	0.96	0.9	0.96	0.98	0.96	0.94	0.88	0.94	0.96	0.94	0.92	0.96	0.94	0.9	0.96	0.92	0.96	0.96	0.88	0.96	0.92	0.88	0.98	1.0	0.92	0.96	0.96	0.96	0.88	0.92	
mean=0.9365625000000002
p=0.17600000000000005
0.98	1.0	0.94	1.0	0.96	0.88	0.98	1.0	0.94	0.92	0.98	0.94	0.96	1.0	0.98	1.0	0.92	0.92	0.96	1.0	0.96	1.0	0.96	1.0	0.98	0.88	0.98	0.9	0.94	0.98	0.92	0.96	0.84	0.92	0.9	0.94	0.96	0.94	0.94	1.0	0.88	0.96	1.0	0.96	1.0	1.0	0.96	1.0	1.0	0.94	0.92	0.96	0.96	0.96	0.96	0.94	0.98	0.9	0.98	0.96	0.94	1.0	0.98	0.96	
mean=0.9571875
