p=0.072
0.0	0.0	0.0	0.0	0.0	0.0	0.0	0.0	0.0	0.0	0.0	0.0	0.0	0.0	0.0	0.0	0.0	0.0	0.0	0.0	0.0	0.0	0.0	0.0	0.0	0.0	0.0	0.0	0.0	0.0	0.0	0.0	0.0	0.0	0.0	0.0	0.0	0.0	0.0	0.0	0.0	0.0	0.0	0.0	0.0	0.0	0.0	0.0	0.0	0.0	0.0	0.0	0.0	0.0	0.0	0.0	0.0	0.0	0.0	0.0	0.0	0.0	0.0	0.0	
mean=0.0
p=0.078
0.0	0.0	0.0	0.0	0.0	0.0	0.0	0.0	0.0	0.0	0.0	0.0	0.0	0.0	0.0	0.0	0.0	0.0	0.0	0.0	0.0	0.0	0.0	0.0	0.0	0.0	0.0	0.0	0.0	0.0	0.0	0.0	0.0	0.0	0.0	0.0	0.0	0.0	0.0	0.0	0.0	0.0	0.0	0.0	0.0	0.0	0.0	0.0	0.0	0.0	0.0	0.0	0.0	0.0	0.0	0.0	0.0	0.0	0.0	0.0	0.0	0.0	0.0	0.0	
mean=0.0
p=0.084
0.0	0.0	0.0	0.0	0.0	0.0	0.0	0.0	0.0	0.0	0.0	0.0	0.0	0.0	0.0	0.0	0.0	0.0	0.0	0.0	0.0	0.0	0.0	0.0	0.0	0.0	0.0	0.0	0.0	0.0	0.0	0.0	0.0	0.0	0.0	0.0	0.0	0.0	0.0	0.0	0.0	0.0	0.0	0.0	0.0	0.0	0.0	0.0	0.0	0.0	0.0	0.0	0.0	0.0	0.0	0.0	0.0	0.0	0.0	0.0	0.0	0.0	0.0	0.0	
mean=0.0
p=0.09000000000000001
0.0	0.0	0.0	0.0	0.0	0.0	0.0	0.0	0.0	0.0	0.0	0.0	0.0	0.0	0.0	0.0	0.0	0.0	0.0	0.0	0.0	0.0	0.0	0.0	0.0	0.0	0.78	0.0	0.0	0.0	0.0	0.0	0.0	0.0	0.0	0.0	0.0	0.0	0.0	0.0	0.0	0.0	0.0	0.0	0.0	0.0	0.0	0.0	0.0	0.0	0.0	0.0	0.0	0.0	0.0	0.0	0.0	0.0	0.0	0.0	0.0	0.0	0.0	0.0	
mean=0.0121875
p=0.09600000000000002
0.0	0.0	0.82	0.0	0.0	0.0	0.0	0.0	0.0	0.0	0.0	0.0	0.0	0.0	0.0	0.0	0.0	0.0	0.0	0.0	0.0	0.0	0.0	0.0	0.0	0.0	0.0	0.0	0.0	0.0	0.0	0.0	0.0	0.0	0.0	0.0	0.0	0.0	0.0	0.0	0.0	0.0	0.0	0.0	0.0	0.0	0.0	0.0	0.66	0.0	0.88	0.0	0.84	0.0	0.9	0.0	0.0	0.0	0.0	0.0	0.0	0.0	0.0	0.0	
mean=0.0640625
p=0.10200000000000002
0.0	0.0	0.0	0.0	0.0	0.0	0.0	0.66	0.0	0.0	0.0	0.0	0.9	0.0	0.0	0.0	0.0	0.0	0.0	0.0	0.0	0.0	0.0	0.0	0.0	0.0	0.0	0.0	0.0	0.62	0.0	0.0	0.0	0.0	0.84	0.84	0.72	0.0	0.0	0.0	0.0	0.0	0.0	0.9	0.0	0.0	0.0	0.0	0.0	0.0	0.0	0.0	0.0	0.0	0.0	0.0	0.0	0.0	0.0	0.0	0.0	0.0	0.0	0.0	
mean=0.085625
p=0.10800000000000003
0.44	0.0	0.0	0.0	0.76	0.0	0.0	0.0	0.68	0.0	0.58	0.82	0.0	0.0	0.74	0.68	0.7	0.0	0.7	0.88	0.92	0.62	0.0	0.82	0.6	0.6	0.7	0.84	0.68	0.0	0.64	0.0	0.7	0.0	0.82	0.0	0.0	0.86	0.9	0.84	0.0	0.0	0.66	0.74	0.0	0.8	0.84	0.0	0.0	0.0	0.0	0.5	0.0	0.0	0.0	0.58	0.0	0.0	0.0	0.6	0.0	0.66	0.0	0.0	
mean=0.3578124999999999
p=0.11400000000000003
0.0	0.92	0.88	0.78	0.0	0.8	0.0	0.0	0.92	0.0	0.0	0.74	0.76	0.56	0.8	0.44	0.88	0.7	0.0	0.74	0.76	0.88	0.82	0.0	0.56	0.8	0.0	0.0	0.0	0.96	0.0	0.84	0.84	0.54	0.8	0.0	0.78	0.0	0.88	0.88	0.56	0.74	0.92	0.76	0.0	0.0	0.9	0.54	0.72	0.0	0.92	0.9	0.9	0.54	0.86	0.66	0.7	0.86	0.88	0.74	0.0	0.78	0.0	0.86	
mean=0.546875
p=0.12000000000000002
0.78	0.94	0.92	0.66	0.66	0.92	0.94	0.0	0.86	0.76	0.98	0.8	0.96	0.94	0.8	0.9	0.78	0.8	0.96	0.9	0.96	0.6	0.78	0.78	0.82	0.0	0.98	0.86	0.88	0.82	0.72	0.78	0.86	0.62	0.96	0.84	0.66	0.66	0.0	0.68	0.9	0.94	0.86	0.78	0.72	0.58	0.88	0.94	0.96	0.82	0.78	0.74	0.6	0.86	0.9	0.0	0.9	0.0	0.86	0.8	0.92	0.92	0.48	0.84	
mean=0.7578125
p=0.12600000000000003
0.54	0.82	0.86	0.84	0.9	0.88	0.94	0.92	0.88	0.96	0.94	0.76	0.9	0.88	0.94	0.88	0.94	0.88	0.84	0.82	0.64	0.92	0.66	0.9	0.86	0.94	0.92	0.94	0.88	0.0	0.86	0.78	0.86	0.88	0.86	0.92	0.8	0.9	0.9	0.88	0.52	0.62	0.9	0.94	0.9	0.82	0.96	0.94	0.9	0.9	0.92	0.92	0.86	0.88	0.84	0.98	0.88	0.88	0.9	0.88	0.9	0.78	0.86	0.8	
mean=0.8484375000000001
p=0.13200000000000003
0.82	0.9	0.9	0.98	0.68	0.96	0.9	0.8	0.92	0.8	0.9	0.98	0.9	0.9	0.92	0.94	0.92	0.9	0.98	0.86	0.94	0.94	0.96	0.82	0.9	0.92	0.9	0.94	0.92	0.84	0.96	0.9	0.88	0.9	0.92	0.88	0.86	0.96	0.86	1.0	0.76	0.9	0.76	0.88	0.74	0.92	0.86	0.98	0.98	0.88	0.98	0.78	0.98	0.94	0.96	0.92	0.86	0.92	0.96	0.78	0.88	0.9	0.86	0.9	
mean=0.8959374999999999
p=0.13800000000000004
0.98	1.0	0.96	0.92	0.98	0.94	0.96	0.98	0.96	0.96	0.98	0.9	0.94	0.92	0.98	0.9	0.9	0.94	0.98	0.92	0.94	0.98	0.9	0.86	0.88	0.88	0.92	0.94	0.74	0.9	0.94	0.98	0.96	0.96	0.96	0.92	0.94	0.96	0.94	0.96	0.96	0.94	0.9	0.98	0.92	0.88	1.0	0.98	0.84	0.94	0.88	0.72	0.92	0.98	0.94	0.98	0.86	0.94	0.92	0.92	0.88	0.98	0.96	0.94	
mean=0.9315624999999998
p=0.14400000000000004
1.0	1.0	0.96	0.92	0.92	0.98	0.9	0.96	0.94	1.0	0.96	0.94	0.98	0.82	0.96	0.94	0.9	0.92	0.96	0.94	0.98	1.0	0.94	1.0	0.96	1.0	0.94	0.98	0.96	0.9	0.98	0.94	0.9	0.96	0.94	0.98	1.0	0.92	0.92	0.98	0.9	0.98	0.9	0.96	0.96	0.98	0.9	0.96	0.94	0.94	0.82	0.86	0.84	0.96	0.94	0.96	0.86	0.96	0.94	1.0	0.92	0.84	0.96	0.98	
mean=0.9428124999999998
p=0.15000000000000005
0.88	0.94	0.98	0.96	1.0	0.96	0.88	0.96	1.0	0.98	0.98	0.94	1.0	0.94	0.98	1.0	0.96	0.96	0.98	0.96	0.96	0.98	0.98	0.98	1.0	0.98	0.88	0.98	1.0	0.96	0.98	0.96	0.96	0.98	0.98	0.94	0.94	0.98	0.94	1.0	1.0	0.98	0.9	0.94	0.98	0.98	1.0	0.98	0.98	0.94	0.98	0.96	1.0	0.9	0.94	0.96	0.96	0.96	0.9	0.94	0.98	0.98	0.94	0.98	
mean=0.9634374999999993
