p=0.072
0.0	0.0	0.0	0.0	0.0	0.0	0.0	0.0	0.0	0.0	0.0	0.0	0.0	0.0	0.0	0.0	0.0	0.0	0.0	0.0	0.0	0.0	0.0	0.0	0.0	0.0	0.0	0.0	0.0	0.0	0.0	0.0	0.0	0.0	0.0	0.0	0.0	0.0	0.0	0.0	0.0	0.0	0.0	0.0	0.0	0.0	0.0	0.0	0.0	0.0	0.0	0.0	0.0	0.0	0.0	0.0	0.0	0.0	0.0	0.0	0.0	0.0	0.0	0.0	
mean=0.0
p=0.078
0.0	0.0	0.0	0.0	0.0	0.0	0.0	0.0	0.0	0.0	0.0	0.0	0.0	0.0	0.0	0.0	0.0	0.0	0.0	0.0	0.0	0.0	0.0	0.0	0.0	0.0	0.0	0.0	0.0	0.0	0.0	0.0	0.0	0.0	0.0	0.0	0.0	0.0	0.0	0.0	0.0	0.0	0.0	0.0	0.0	0.0	0.0	0.0	0.0	0.0	0.0	0.0	0.0	0.0	0.0	0.0	0.0	0.0	0.0	0.0	0.0	0.0	0.0	0.0	
mean=0.0
p=0.084
0.0	0.0	0.0	0.0	0.0	0.0	0.0	0.0	0.0	0.0	0.0	0.0	0.0	0.0	0.0	0.0	0.0	0.0	0.0	0.0	0.0	0.0	0.0	0.0	0.0	0.0	0.0	0.0	0.0	0.0	0.0	0.0	0.0	0.0	0.0	0.0	0.0	0.0	0.0	0.0	0.0	0.0	0.0	0.0	0.0	0.0	0.0	0.0	0.0	0.0	0.0	0.0	0.0	0.0	0.0	0.0	0.0	0.0	0.0	0.0	0.0	0.0	0.0	0.0	
mean=0.0
p=0.09000000000000001
0.0	0.0	0.0	0.0	0.0	0.0	0.0	0.0	0.0	0.0	0.0	0.0	0.0	0.0	0.0	0.0	0.0	0.0	0.0	0.0	0.0	0.0	0.0	0.0	0.0	0.0	0.0	0.0	0.0	0.0	0.0	0.0	0.0	0.0	0.0	0.0	0.0	0.0	0.0	0.0	0.0	0.0	0.0	0.0	0.0	0.0	0.0	0.0	0.0	0.0	0.0	0.0	0.0	0.0	0.0	0.0	0.0	0.0	0.0	0.0	0.0	0.0	0.0	0.0	
mean=0.0
p=0.09600000000000002
0.0	0.0	0.0	0.0	0.0	0.0	0.0	0.0	0.0	0.0	0.0	0.0	0.0	0.64	0.7	0.66	0.0	0.0	0.0	0.0	0.0	0.0	0.0	0.0	0.0	0.0	0.0	0.0	0.0	0.0	0.0	0.0	0.0	0.0	0.0	0.0	0.0	0.0	0.0	0.0	0.92	0.0	0.0	0.0	0.0	0.0	0.0	0.0	0.74	0.0	0.0	0.0	0.0	0.0	0.0	0.0	0.0	0.0	0.0	0.0	0.0	0.0	0.0	0.0	
mean=0.0571875
p=0.10200000000000002
0.76	0.0	0.5	0.0	0.84	0.0	0.0	0.0	0.0	0.0	0.0	0.0	0.0	0.8	0.0	0.0	0.0	0.0	0.74	0.0	0.0	0.72	0.0	0.0	0.36	0.0	0.0	0.0	0.0	0.0	0.0	0.0	0.0	0.0	0.0	0.0	0.0	0.0	0.0	0.68	0.66	0.7	0.92	0.0	0.0	0.0	0.0	0.0	0.64	0.88	0.0	0.72	0.0	0.0	0.0	0.0	0.0	0.0	0.0	0.0	0.0	0.0	0.0	0.6	
mean=0.16437500000000002
p=0.10800000000000003
0.0	0.0	0.8	0.92	0.82	0.68	0.0	0.0	0.9	0.0	0.84	0.0	0.0	0.78	0.0	0.0	0.0	0.74	0.74	0.0	0.9	0.0	0.0	0.0	0.0	0.74	0.74	0.0	0.82	0.8	0.0	0.62	0.84	0.46	0.0	0.7	0.0	0.78	0.76	0.88	0.0	0.86	0.0	0.0	0.8	0.0	0.0	0.7	0.0	0.0	0.0	0.0	0.68	0.0	0.0	0.0	0.0	0.94	0.94	0.0	0.72	0.58	0.0	0.0	
mean=0.35125
p=0.11400000000000003
0.0	0.0	0.6	0.86	0.82	0.0	0.0	0.94	0.8	0.0	0.88	0.0	0.0	0.0	0.78	0.66	0.0	0.88	0.92	0.76	0.0	0.82	0.66	0.8	0.92	0.76	0.92	0.84	0.9	0.86	0.0	0.34	0.86	0.8	0.84	0.0	0.0	0.0	0.92	0.0	0.88	0.88	0.64	0.86	0.86	0.78	0.6	0.58	0.74	0.68	0.0	0.0	0.86	0.92	0.0	0.5	0.8	0.8	0.88	0.9	0.88	0.76	0.0	0.78	
mean=0.5581250000000001
p=0.12000000000000002
0.92	0.72	0.88	0.66	0.82	0.6	0.88	0.72	0.86	0.84	0.6	0.74	0.84	0.86	0.9	0.84	0.92	0.64	0.82	0.9	0.84	0.9	0.0	0.7	0.6	0.64	0.78	0.8	0.64	0.84	0.82	0.82	0.78	0.84	0.76	0.74	0.82	0.0	0.0	0.9	0.86	0.0	0.7	0.92	0.88	0.76	0.8	0.0	0.64	0.0	0.72	0.66	0.7	0.74	0.86	0.86	0.92	0.6	0.94	0.94	0.92	0.68	0.84	0.74	
mean=0.7165625000000001
p=0.12600000000000003
0.88	0.94	0.96	0.78	0.76	0.84	0.84	0.96	0.9	0.94	0.92	0.86	0.94	0.86	0.96	0.9	0.92	0.84	0.94	0.94	0.66	0.76	0.82	0.88	0.92	0.78	0.88	0.68	0.9	0.94	0.84	0.94	0.96	0.96	0.94	0.98	0.0	0.96	0.98	0.92	0.94	0.92	0.92	0.88	0.88	0.92	0.94	0.96	0.92	0.84	0.84	0.9	0.94	0.88	0.94	0.8	0.92	0.88	0.38	0.7	0.92	0.78	0.82	0.84	
mean=0.8631250000000005
p=0.13200000000000003
0.82	0.9	0.98	0.98	0.92	0.88	0.98	0.96	0.84	0.94	0.94	0.92	0.0	0.88	0.96	0.98	0.96	0.96	0.92	0.96	0.9	0.96	0.88	0.94	0.96	0.9	0.96	0.9	0.94	0.96	0.78	0.98	1.0	0.98	0.86	0.84	0.72	0.6	0.98	0.9	0.8	0.96	0.94	0.82	0.76	0.8	0.92	0.96	0.86	0.88	0.88	0.96	0.92	0.94	0.74	1.0	0.9	0.9	0.76	0.84	0.94	0.9	0.92	0.8	
mean=0.88625
p=0.13800000000000004
0.9	0.86	0.98	0.96	0.94	0.9	0.98	0.86	0.98	0.9	1.0	0.94	0.94	0.96	0.9	0.72	0.98	0.9	0.96	0.9	0.92	0.94	0.96	1.0	0.86	0.96	0.92	0.9	0.76	0.98	0.96	0.96	0.86	0.94	0.96	0.98	0.98	0.96	0.98	0.94	0.98	0.84	0.84	1.0	0.9	0.74	0.94	0.96	0.94	0.94	0.92	0.94	0.9	0.96	0.94	0.86	0.96	0.94	0.94	0.9	0.96	0.92	0.94	0.94	
mean=0.9262499999999998
p=0.14400000000000004
0.94	0.96	1.0	1.0	0.98	0.86	0.88	0.96	0.94	0.98	0.94	0.98	0.96	0.98	0.82	0.98	1.0	0.98	0.96	0.94	1.0	0.92	0.96	0.88	0.96	0.92	0.98	0.98	0.9	0.98	0.9	0.96	0.96	0.9	0.96	0.92	0.98	0.86	0.9	0.92	0.94	0.98	0.94	0.98	1.0	1.0	0.98	0.92	0.94	0.96	0.94	0.96	0.98	0.9	0.94	0.94	0.92	0.9	0.9	0.94	0.98	0.94	0.9	0.96	
mean=0.9456249999999996
p=0.15000000000000005
0.98	0.98	0.96	0.98	0.98	0.92	0.94	1.0	0.98	0.96	0.98	0.98	0.96	0.88	0.96	0.94	0.96	1.0	0.96	0.98	0.98	0.98	0.94	0.96	0.98	1.0	0.82	0.98	0.94	0.96	0.9	0.98	0.98	0.98	0.94	0.96	0.92	1.0	1.0	0.98	0.9	1.0	1.0	0.9	0.92	0.92	0.94	0.92	0.96	0.9	0.96	0.94	1.0	0.98	1.0	1.0	0.98	1.0	1.0	1.0	0.94	0.98	1.0	1.0	
mean=0.9624999999999998
