p=0.096
0.0	0.0	0.0	0.0	0.0	0.0	0.0	0.0	0.0	0.0	0.0	0.0	0.0	0.0	0.0	0.0	0.0	0.0	0.0	0.0	0.0	0.0	0.0	0.0	0.0	0.0	0.0	0.0	0.0	0.0	0.0	0.0	0.0	0.0	0.0	0.0	0.0	0.0	0.0	0.0	0.0	0.0	0.0	0.0	0.0	0.0	0.0	0.0	0.0	0.0	0.0	0.0	0.0	0.0	0.0	0.0	0.0	0.0	0.0	0.0	0.0	0.0	0.0	0.0	
mean=0.0
p=0.10400000000000001
0.0	0.0	0.0	0.0	0.0	0.0	0.0	0.0	0.0	0.0	0.0	0.0	0.0	0.0	0.0	0.0	0.0	0.0	0.0	0.0	0.0	0.0	0.0	0.0	0.0	0.0	0.0	0.0	0.0	0.0	0.0	0.0	0.0	0.0	0.0	0.0	0.0	0.0	0.0	0.0	0.0	0.0	0.0	0.0	0.0	0.0	0.0	0.0	0.0	0.0	0.0	0.0	0.0	0.0	0.0	0.0	0.0	0.0	0.0	0.0	0.0	0.0	0.0	0.0	
mean=0.0
p=0.11200000000000002
0.0	0.0	0.0	0.0	0.0	0.0	0.0	0.0	0.0	0.0	0.0	0.0	0.0	0.0	0.0	0.0	0.0	0.0	0.0	0.0	0.0	0.0	0.0	0.0	0.0	0.0	0.0	0.0	0.0	0.0	0.0	0.0	0.0	0.0	0.0	0.0	0.0	0.0	0.0	0.0	0.0	0.0	0.0	0.0	0.0	0.0	0.0	0.0	0.0	0.0	0.0	0.0	0.0	0.0	0.0	0.0	0.0	0.0	0.0	0.0	0.0	0.0	0.0	0.0	
mean=0.0
p=0.12000000000000002
0.0	0.0	0.0	0.0	0.0	0.0	0.0	0.0	0.0	0.0	0.0	0.0	0.0	0.0	0.0	0.0	0.0	0.0	0.0	0.0	0.0	0.0	0.0	0.0	0.0	0.0	0.0	0.0	0.0	0.0	0.0	0.0	0.0	0.0	0.0	0.0	0.0	0.0	0.0	0.0	0.0	0.0	0.0	0.0	0.0	0.0	0.0	0.0	0.0	0.0	0.0	0.0	0.0	0.0	0.0	0.0	0.0	0.0	0.0	0.0	0.0	0.0	0.0	0.0	
mean=0.0
p=0.12800000000000003
0.0	0.76	0.0	0.0	0.0	0.0	0.0	0.0	0.0	0.0	0.0	0.0	0.0	0.0	0.0	0.0	0.0	0.0	0.0	0.0	0.0	0.92	0.0	0.0	0.0	0.0	0.0	0.0	0.0	0.0	0.0	0.0	0.0	0.0	0.0	0.0	0.0	0.0	0.0	0.0	0.0	0.0	0.0	0.0	0.0	0.0	0.0	0.0	0.0	0.0	0.0	0.0	0.0	0.0	0.82	0.0	0.0	0.0	0.0	0.0	0.0	0.0	0.0	0.58	
mean=0.048125
p=0.13600000000000004
0.0	0.72	0.0	0.0	0.8	0.8	0.0	0.0	0.0	0.0	0.0	0.64	0.0	0.0	0.0	0.0	0.76	0.9	0.0	0.0	0.0	0.0	0.0	0.86	0.0	0.86	0.0	0.66	0.0	0.0	0.0	0.62	0.0	0.94	0.0	0.0	0.0	0.0	0.74	0.0	0.0	0.0	0.0	0.0	0.96	0.78	0.88	0.0	0.0	0.0	0.0	0.68	0.0	0.66	0.0	0.8	0.88	0.0	0.0	0.0	0.0	0.0	0.0	0.0	
mean=0.23343750000000005
p=0.14400000000000004
0.0	0.0	0.0	0.88	0.0	0.0	0.0	0.82	0.86	0.8	0.74	0.82	0.0	0.0	0.64	0.8	0.0	0.82	0.84	0.76	0.6	0.0	0.94	0.0	0.96	0.0	0.0	0.0	0.8	0.88	0.92	0.0	0.86	0.0	0.9	0.66	0.0	0.86	0.0	0.8	0.9	0.68	0.64	0.88	0.66	0.0	0.84	0.86	0.0	0.82	0.0	0.72	0.84	0.0	0.0	0.86	0.0	0.88	0.62	0.86	0.68	0.0	0.0	0.0	
mean=0.46406249999999993
p=0.15200000000000005
0.8	0.86	0.0	0.94	0.86	0.9	0.86	0.94	0.96	0.94	0.92	0.7	0.88	0.82	0.98	0.0	0.88	0.0	0.9	0.7	0.0	0.74	0.82	0.74	0.86	0.0	0.8	0.84	0.82	0.86	0.96	0.78	0.82	0.94	0.92	0.86	0.84	0.8	0.94	0.88	0.82	0.78	0.0	0.0	0.8	0.0	0.9	0.86	0.94	0.84	0.82	0.96	0.82	0.94	0.86	0.9	0.86	0.94	0.84	0.88	0.0	0.64	0.94	0.0	
mean=0.7250000000000001
p=0.16000000000000003
0.94	0.0	0.98	0.94	0.92	0.86	0.94	0.96	0.92	0.76	0.9	0.96	0.94	0.84	0.86	0.96	0.9	0.76	0.0	0.96	0.94	0.96	0.92	0.96	0.84	0.92	0.96	0.96	0.96	0.92	0.9	0.98	0.92	0.88	0.84	0.9	0.9	0.84	0.88	0.92	0.98	0.98	0.84	0.98	0.92	0.88	0.92	0.78	0.76	0.92	0.9	1.0	0.86	1.0	1.0	0.92	0.98	0.92	0.98	0.82	0.98	0.88	0.7	0.88	
mean=0.8809375000000003
p=0.16800000000000004
0.94	0.9	0.96	0.98	1.0	0.94	0.94	0.76	0.84	0.98	0.92	0.96	0.9	1.0	1.0	0.9	0.98	0.92	0.86	0.94	0.92	1.0	0.98	0.84	1.0	0.94	0.92	0.92	0.88	0.96	0.94	0.94	0.94	0.98	0.94	0.96	1.0	0.84	0.98	0.9	0.94	0.92	0.8	0.72	0.96	0.9	0.96	0.9	1.0	0.88	0.84	0.92	0.98	0.88	0.98	0.92	0.9	0.92	0.94	0.98	0.88	0.88	0.7	0.92	
mean=0.9221875000000003
p=0.17600000000000005
0.98	0.94	0.96	0.96	0.94	0.92	0.94	1.0	0.9	1.0	0.96	0.84	1.0	0.98	0.98	1.0	0.94	0.88	0.94	1.0	0.98	1.0	1.0	0.98	0.96	0.94	0.96	0.94	0.96	0.94	1.0	0.9	1.0	0.98	0.96	1.0	0.98	1.0	1.0	0.96	0.96	1.0	1.0	0.96	0.94	1.0	1.0	0.92	0.94	1.0	0.88	0.92	0.96	1.0	1.0	0.88	0.9	0.98	0.98	0.96	0.98	1.0	0.92	0.96	
mean=0.9615625000000001
