p=0.048
0.0	0.0	0.0	0.0	0.0	0.0	0.0	0.0	0.0	0.0	0.0	0.0	0.0	0.0	0.0	0.0	0.0	0.0	0.0	0.0	0.0	0.0	0.0	0.0	0.0	0.0	0.0	0.0	0.0	0.0	0.0	0.0	0.0	0.0	0.0	0.0	0.0	0.0	0.0	0.0	0.0	0.0	0.0	0.0	0.0	0.0	0.0	0.0	0.0	0.0	0.0	0.0	0.0	0.0	0.0	0.0	0.0	0.0	0.0	0.0	0.0	0.0	0.0	0.0	
mean=0.0
p=0.052000000000000005
0.0	0.0	0.0	0.0	0.0	0.0	0.0	0.0	0.0	0.0	0.0	0.0	0.0	0.0	0.0	0.0	0.0	0.0	0.0	0.0	0.0	0.0	0.0	0.0	0.0	0.0	0.0	0.0	0.0	0.0	0.0	0.0	0.0	0.0	0.0	0.0	0.0	0.0	0.0	0.0	0.0	0.0	0.0	0.0	0.0	0.0	0.0	0.0	0.0	0.0	0.0	0.0	0.0	0.0	0.0	0.0	0.0	0.0	0.0	0.0	0.0	0.0	0.0	0.0	
mean=0.0
p=0.05600000000000001
0.0	0.0	0.0	0.0	0.0	0.0	0.0	0.0	0.0	0.0	0.0	0.0	0.0	0.0	0.0	0.0	0.0	0.0	0.0	0.0	0.0	0.0	0.0	0.0	0.0	0.0	0.0	0.0	0.0	0.0	0.0	0.0	0.0	0.0	0.0	0.0	0.0	0.0	0.0	0.0	0.0	0.0	0.0	0.0	0.0	0.0	0.0	0.0	0.0	0.0	0.0	0.0	0.0	0.0	0.0	0.0	0.0	0.0	0.0	0.0	0.0	0.0	0.0	0.0	
mean=0.0
p=0.06000000000000001
0.0	0.0	0.0	0.0	0.0	0.0	0.0	0.0	0.0	0.0	0.0	0.0	0.72	0.0	0.0	0.0	0.0	0.0	0.0	0.0	0.0	0.0	0.0	0.0	0.0	0.0	0.0	0.0	0.0	0.0	0.0	0.0	0.0	0.0	0.0	0.0	0.0	0.0	0.0	0.0	0.0	0.0	0.0	0.0	0.0	0.0	0.0	0.0	0.0	0.0	0.0	0.0	0.0	0.0	0.0	0.0	0.0	0.0	0.0	0.0	0.0	0.0	0.64	0.0	
mean=0.021249999999999998
p=0.06400000000000002
0.0	0.0	0.48	0.0	0.36	0.0	0.0	0.0	0.0	0.7	0.0	0.0	0.0	0.56	0.0	0.0	0.0	0.0	0.0	0.66	0.0	0.0	0.0	0.0	0.0	0.0	0.0	0.0	0.0	0.0	0.0	0.0	0.0	0.0	0.0	0.0	0.0	0.0	0.0	0.0	0.0	0.0	0.0	0.0	0.42	0.56	0.0	0.0	0.0	0.0	0.36	0.0	0.0	0.0	0.0	0.0	0.0	0.0	0.0	0.0	0.0	0.0	0.0	0.0	
mean=0.06406250000000001
p=0.06800000000000002
0.0	0.0	0.0	0.8	0.0	0.0	0.62	0.5	0.0	0.0	0.68	0.0	0.0	0.0	0.0	0.0	0.7	0.0	0.0	0.0	0.0	0.0	0.0	0.44	0.0	0.0	0.0	0.0	0.0	0.52	0.0	0.6	0.0	0.0	0.0	0.0	0.0	0.7	0.1	0.0	0.0	0.86	0.0	0.0	0.0	0.46	0.0	0.0	0.0	0.0	0.0	0.0	0.0	0.0	0.0	0.0	0.0	0.78	0.0	0.0	0.0	0.5	0.0	0.0	
mean=0.1290625
p=0.07200000000000002
0.36	0.48	0.0	0.68	0.84	0.72	0.0	0.68	0.0	0.0	0.0	0.82	0.86	0.0	0.66	0.0	0.88	0.0	0.54	0.0	0.42	0.0	0.0	0.64	0.62	0.48	0.46	0.0	0.58	0.8	0.5	0.0	0.0	0.42	0.0	0.22	0.74	0.0	0.58	0.0	0.0	0.66	0.74	0.46	0.42	0.0	0.68	0.0	0.0	0.8	0.66	0.82	0.8	0.62	0.0	0.42	0.52	0.88	0.0	0.0	0.78	0.58	0.0	0.52	
mean=0.3803125000000001
p=0.07600000000000003
0.0	0.72	0.74	0.74	0.0	0.6	0.0	0.76	0.7	0.68	0.72	0.84	0.84	0.58	0.68	0.86	0.0	0.24	0.0	0.86	0.0	0.98	0.52	0.0	0.78	0.0	0.32	0.52	0.68	0.66	0.8	0.62	0.76	0.98	0.34	0.78	0.0	0.8	0.0	0.0	0.84	0.68	0.0	0.62	0.0	0.56	0.84	0.74	0.78	0.38	0.72	0.0	0.0	0.66	0.54	0.66	0.62	0.0	0.62	0.7	0.48	0.0	0.8	0.82	
mean=0.5025
p=0.08000000000000002
0.0	0.6	0.7	0.84	0.76	0.66	0.72	0.86	0.52	0.66	0.8	0.76	0.68	0.52	0.6	0.84	0.84	0.8	0.78	0.88	0.4	0.78	0.5	0.74	0.84	0.8	0.8	0.6	0.68	0.0	0.84	0.88	0.62	0.0	0.8	0.0	0.76	0.58	0.88	0.78	0.62	0.82	0.78	0.72	0.6	0.52	0.34	0.0	0.82	0.86	0.8	0.0	0.86	0.0	0.78	0.54	0.78	0.0	0.0	0.76	0.88	0.92	0.68	0.8	
mean=0.6246875000000001
p=0.08400000000000002
0.72	0.7	0.78	0.4	0.92	0.66	0.62	0.8	0.78	0.74	0.72	0.88	0.76	0.9	0.88	0.72	0.82	0.98	0.8	0.58	0.82	0.88	0.78	0.84	0.56	0.92	0.8	0.86	0.84	0.78	0.88	0.82	0.56	0.88	0.72	0.86	0.62	0.8	0.92	0.86	0.82	0.82	0.82	0.62	0.0	0.82	0.88	0.88	0.72	0.82	0.76	0.54	0.8	0.72	0.94	0.74	0.84	0.7	0.76	0.0	0.76	0.8	0.68	0.0	
mean=0.740625
p=0.08800000000000002
0.92	0.84	0.84	0.68	0.86	0.88	0.84	0.84	0.92	0.8	0.9	0.9	0.76	0.78	0.68	0.88	0.9	0.9	0.82	0.88	0.8	0.84	0.72	0.84	0.42	0.76	0.86	0.76	0.84	0.0	0.92	0.76	0.84	0.78	0.86	0.88	0.74	0.86	0.86	0.94	0.88	0.82	0.78	0.92	0.84	0.72	0.86	0.94	0.8	0.88	0.88	0.8	0.84	0.86	0.54	0.88	0.74	0.78	0.84	0.12	0.88	0.96	0.92	0.52	
mean=0.7984375000000004
p=0.09200000000000003
0.92	0.8	0.94	0.94	0.86	0.84	0.7	0.88	0.88	0.72	0.64	0.94	0.9	0.8	0.96	0.8	0.84	0.8	0.92	0.58	0.84	0.92	0.84	0.9	0.84	0.84	0.76	0.88	0.9	0.92	0.86	0.6	0.94	0.84	0.88	0.9	0.88	0.92	0.94	0.86	0.96	0.72	0.88	0.94	0.96	0.94	0.94	0.92	0.88	0.82	0.86	0.94	0.78	0.92	0.8	0.92	0.94	0.72	0.82	0.9	0.86	0.84	0.84	0.88	
mean=0.8578125000000001
p=0.09600000000000003
0.94	0.92	0.82	0.96	0.86	0.92	0.96	0.96	0.86	0.94	0.94	0.8	0.86	0.98	0.72	0.9	0.94	0.98	0.82	0.94	0.94	0.94	0.92	0.9	0.92	0.76	0.96	0.92	0.96	0.78	0.9	0.96	0.92	0.96	0.88	0.84	0.74	0.9	0.96	0.9	0.74	0.82	0.92	0.96	0.84	0.94	0.92	0.94	0.8	0.86	0.9	0.92	0.8	0.86	0.82	0.8	0.96	0.76	0.98	0.96	0.7	0.9	0.96	0.82	
mean=0.8884375000000001
p=0.10000000000000003
0.94	0.94	0.84	0.98	0.96	0.94	0.9	0.96	0.9	0.94	0.88	0.98	0.98	0.96	0.94	0.9	0.74	0.98	0.94	0.94	0.82	0.88	0.86	0.86	0.86	0.84	1.0	0.8	0.96	0.84	0.9	0.94	0.94	0.86	0.92	0.98	0.94	0.96	0.94	0.94	0.96	0.92	0.88	0.92	0.86	0.96	0.88	0.9	0.9	0.86	0.88	0.9	0.94	0.92	0.86	0.9	0.94	0.86	0.96	0.96	0.88	0.94	0.94	0.92	
mean=0.9128125
p=0.10400000000000004
0.9	0.98	0.98	0.94	0.9	0.94	0.94	0.96	0.92	0.98	0.98	0.94	0.92	1.0	0.92	0.94	0.94	0.96	0.96	0.94	0.92	1.0	0.96	0.98	0.96	0.92	0.92	0.84	0.98	0.84	0.94	1.0	0.96	0.98	0.9	0.92	1.0	0.98	0.92	0.94	0.86	0.86	0.96	0.94	0.98	0.9	0.94	0.98	0.96	0.98	0.94	0.94	0.96	0.96	0.88	0.96	0.94	0.96	0.94	0.94	0.94	0.94	0.98	0.96	
mean=0.9437499999999998
p=0.10800000000000004
0.94	1.0	1.0	0.94	0.94	0.88	1.0	0.94	0.96	0.98	0.84	0.96	0.94	0.98	0.96	0.9	0.96	0.98	0.94	0.82	0.9	0.94	0.98	0.92	0.94	0.96	0.9	0.94	0.94	0.96	0.94	0.9	0.94	0.96	0.98	0.96	0.96	0.96	0.94	0.96	0.94	0.96	0.92	0.86	0.94	0.94	0.92	0.96	0.98	0.98	0.96	0.78	0.92	0.92	0.98	0.94	0.98	1.0	0.98	0.88	0.98	1.0	0.98	0.98	
mean=0.9440624999999998
p=0.11200000000000004
0.96	1.0	0.98	0.96	0.94	0.94	0.98	0.94	0.94	0.94	0.96	0.96	0.96	0.98	0.94	1.0	0.9	0.98	0.98	0.86	1.0	0.96	0.96	0.94	0.96	0.98	0.92	0.94	0.92	0.96	1.0	0.94	0.96	0.92	0.8	1.0	0.88	0.92	0.88	0.92	0.88	1.0	1.0	0.96	0.94	0.98	0.96	0.98	0.98	0.96	0.9	0.88	0.96	0.92	0.92	0.98	0.98	1.0	1.0	0.84	1.0	0.92	0.86	0.92	
mean=0.9465625000000003
p=0.11600000000000005
0.9	1.0	1.0	0.82	0.98	1.0	0.94	1.0	0.96	0.96	0.88	1.0	0.98	0.94	1.0	0.98	0.98	0.92	1.0	0.9	0.96	0.94	0.96	0.94	0.92	0.98	0.98	0.9	0.98	0.98	0.96	1.0	0.98	0.98	0.96	1.0	0.96	0.98	1.0	0.96	0.96	0.92	0.96	0.96	0.98	0.96	0.98	0.94	0.98	0.92	1.0	0.98	1.0	0.98	0.94	0.96	0.98	0.94	0.98	0.94	0.98	0.92	0.96	0.96	
mean=0.9615624999999998
