p=0.072
0.0	0.0	0.0	0.0	0.0	0.0	0.0	0.0	0.0	0.0	0.0	0.0	0.0	0.0	0.0	0.0	0.0	0.0	0.0	0.0	0.0	0.0	0.0	0.0	0.0	0.0	0.0	0.0	0.0	0.0	0.0	0.0	0.0	0.0	0.0	0.0	0.0	0.0	0.0	0.0	0.0	0.0	0.0	0.0	0.0	0.0	0.0	0.0	0.0	0.0	0.0	0.0	0.0	0.0	0.0	0.0	0.0	0.0	0.0	0.0	0.0	0.0	0.0	0.0	
mean=0.0
p=0.078
0.0	0.0	0.0	0.0	0.0	0.0	0.0	0.0	0.0	0.0	0.0	0.0	0.0	0.0	0.0	0.0	0.0	0.0	0.0	0.0	0.0	0.0	0.0	0.0	0.0	0.0	0.0	0.0	0.0	0.0	0.0	0.0	0.0	0.0	0.0	0.0	0.0	0.0	0.0	0.0	0.0	0.0	0.0	0.0	0.0	0.0	0.0	0.0	0.0	0.0	0.0	0.0	0.0	0.0	0.0	0.0	0.0	0.0	0.0	0.0	0.0	0.0	0.0	0.0	
mean=0.0
p=0.084
0.0	0.0	0.0	0.0	0.0	0.0	0.0	0.0	0.0	0.0	0.0	0.0	0.0	0.0	0.0	0.0	0.0	0.0	0.0	0.0	0.0	0.0	0.0	0.0	0.0	0.0	0.0	0.0	0.0	0.0	0.0	0.0	0.0	0.0	0.0	0.0	0.0	0.0	0.0	0.0	0.0	0.0	0.0	0.0	0.0	0.0	0.0	0.0	0.0	0.0	0.0	0.0	0.0	0.0	0.0	0.0	0.0	0.0	0.0	0.0	0.0	0.0	0.0	0.0	
mean=0.0
p=0.09000000000000001
0.0	0.0	0.0	0.0	0.0	0.0	0.0	0.0	0.0	0.0	0.0	0.0	0.0	0.0	0.0	0.0	0.0	0.0	0.0	0.0	0.0	0.0	0.0	0.0	0.0	0.0	0.0	0.0	0.0	0.0	0.0	0.0	0.0	0.0	0.0	0.0	0.56	0.0	0.0	0.0	0.7	0.0	0.0	0.0	0.0	0.0	0.0	0.0	0.0	0.0	0.0	0.0	0.0	0.0	0.0	0.0	0.0	0.0	0.0	0.0	0.0	0.0	0.0	0.0	
mean=0.0196875
p=0.09600000000000002
0.0	0.0	0.0	0.0	0.0	0.0	0.0	0.0	0.0	0.0	0.0	0.0	0.0	0.0	0.0	0.0	0.0	0.0	0.0	0.0	0.0	0.0	0.0	0.0	0.0	0.0	0.0	0.0	0.0	0.0	0.0	0.0	0.0	0.0	0.0	0.0	0.0	0.0	0.0	0.0	0.0	0.0	0.0	0.0	0.0	0.0	0.0	0.0	0.0	0.0	0.0	0.0	0.0	0.0	0.0	0.0	0.0	0.0	0.0	0.0	0.0	0.0	0.0	0.0	
mean=0.0
p=0.10200000000000002
0.0	0.0	0.0	0.0	0.0	0.0	0.0	0.6	0.0	0.0	0.0	0.0	0.0	0.0	0.0	0.84	0.0	0.0	0.92	0.0	0.0	0.54	0.0	0.0	0.7	0.76	0.0	0.0	0.0	0.7	0.0	0.56	0.0	0.88	0.72	0.0	0.0	0.74	0.74	0.0	0.0	0.9	0.6	0.0	0.0	0.68	0.44	0.0	0.0	0.0	0.0	0.6	0.0	0.0	0.8	0.0	0.0	0.0	0.0	0.0	0.0	0.0	0.0	0.0	
mean=0.19874999999999998
p=0.10800000000000003
0.0	0.0	0.44	0.84	0.62	0.64	0.76	0.64	0.8	0.84	0.86	0.0	0.52	0.0	0.0	0.76	0.74	0.0	0.86	0.66	0.0	0.0	0.94	0.56	0.76	0.0	0.7	0.7	0.0	0.0	0.56	0.0	0.9	0.0	0.0	0.94	0.0	0.0	0.78	0.84	0.0	0.0	0.0	0.0	0.0	0.82	0.0	0.0	0.76	0.0	0.0	0.92	0.0	0.0	0.0	0.0	0.66	0.0	0.72	0.0	0.8	0.0	0.0	0.68	
mean=0.35968750000000005
p=0.11400000000000003
0.0	0.78	0.88	0.9	0.0	0.0	0.82	0.82	0.76	0.64	0.0	0.0	0.7	0.78	0.88	0.0	0.0	0.76	0.92	0.0	0.94	0.74	0.0	0.78	0.94	0.0	0.0	0.68	0.7	0.8	0.86	0.74	0.74	0.8	0.86	0.0	0.82	0.72	0.0	0.0	0.86	0.0	0.94	0.76	0.0	0.0	0.78	0.82	0.9	0.0	0.8	0.88	0.84	0.68	0.0	0.0	0.84	0.84	0.82	0.62	0.72	0.88	0.82	0.0	
mean=0.5399999999999999
p=0.12000000000000002
0.82	0.72	0.0	0.76	0.0	0.72	0.62	0.9	0.9	0.9	0.8	0.92	0.9	0.7	0.84	0.0	0.84	0.92	0.86	0.94	0.92	0.92	0.96	0.9	0.78	0.78	0.78	0.86	0.68	0.62	0.9	0.88	0.84	0.94	0.8	0.0	0.8	0.0	0.92	0.9	0.78	0.0	0.84	0.84	0.88	0.96	0.0	0.82	0.76	0.68	0.88	0.8	0.88	0.88	0.0	0.7	0.82	0.82	0.84	0.96	0.6	0.0	0.88	0.82	
mean=0.7137500000000003
p=0.12600000000000003
0.9	0.86	0.88	0.82	0.9	0.9	0.98	0.98	0.86	0.96	0.94	0.9	0.9	0.96	0.92	0.9	0.86	0.96	0.94	0.84	0.94	0.84	0.86	0.84	0.78	0.84	0.84	0.98	0.9	0.92	0.9	0.9	0.88	0.8	0.9	0.9	0.82	0.88	0.92	0.92	0.82	0.86	0.92	0.82	0.92	0.94	0.92	0.0	0.96	0.82	0.92	0.92	0.78	0.72	0.9	0.9	0.92	0.74	0.66	0.92	0.88	0.9	0.96	0.86	
mean=0.8700000000000002
p=0.13200000000000003
0.9	0.68	0.96	0.84	0.96	0.94	0.94	0.92	0.96	0.96	0.98	0.98	0.88	0.84	0.96	0.86	0.98	0.88	0.0	0.94	0.94	0.94	0.6	0.98	0.98	0.84	0.86	0.9	0.92	0.84	0.94	0.84	0.96	0.94	0.98	0.9	0.92	0.7	0.76	0.92	0.9	0.92	0.86	0.98	0.96	0.84	0.9	1.0	0.96	0.96	0.94	0.9	0.94	0.9	0.98	0.96	0.94	0.94	0.9	0.82	0.9	0.84	0.86	0.9	
mean=0.8909374999999999
p=0.13800000000000004
0.98	0.96	0.96	0.92	0.96	0.78	0.84	0.9	0.94	0.96	0.88	0.96	0.94	1.0	0.92	0.96	0.96	0.94	0.9	0.92	0.98	0.92	0.86	0.78	0.96	0.84	0.92	0.96	0.94	0.92	0.94	0.92	0.96	0.96	0.98	0.66	0.98	0.84	0.98	0.96	0.92	0.94	0.96	1.0	0.9	0.92	0.88	0.96	0.98	0.94	0.9	0.92	0.94	0.9	0.9	0.96	0.98	0.94	0.96	0.98	0.9	1.0	0.9	0.86	
mean=0.9262499999999999
p=0.14400000000000004
0.9	0.98	0.94	0.98	0.98	0.92	0.98	1.0	0.92	0.96	0.96	0.98	0.94	0.98	1.0	0.94	0.9	0.96	1.0	0.94	0.96	0.96	0.94	0.96	0.98	0.9	0.94	1.0	0.96	1.0	0.96	0.98	0.96	0.96	0.94	1.0	0.94	0.94	0.98	0.98	0.96	0.96	0.94	0.98	0.98	0.92	0.94	0.92	1.0	0.98	0.94	0.98	0.92	0.92	0.88	0.98	0.92	1.0	0.96	0.94	0.98	1.0	0.96	0.96	
mean=0.9581249999999997
