p=0.12
0.0	0.0	0.0	0.0	0.0	0.0	0.0	0.0	0.0	0.0	0.0	0.0	0.0	0.0	0.0	0.0	0.0	0.0	0.0	0.0	0.0	0.0	0.0	0.0	0.0	0.0	0.0	0.0	0.0	0.0	0.0	0.0	0.0	0.0	0.0	0.0	0.0	0.0	0.0	0.0	0.0	0.0	0.0	0.0	0.0	0.0	0.0	0.0	0.0	0.0	0.0	0.0	0.0	0.0	0.0	0.0	0.0	0.0	0.0	0.0	0.0	0.0	0.0	0.0	
mean=0.0
p=0.13
0.0	0.0	0.0	0.0	0.0	0.0	0.0	0.0	0.0	0.0	0.0	0.0	0.0	0.0	0.0	0.0	0.0	0.0	0.0	0.0	0.0	0.0	0.0	0.0	0.0	0.0	0.0	0.0	0.0	0.0	0.0	0.0	0.0	0.0	0.0	0.0	0.0	0.0	0.0	0.0	0.0	0.0	0.0	0.0	0.0	0.0	0.0	0.0	0.0	0.0	0.0	0.0	0.0	0.0	0.0	0.0	0.0	0.0	0.0	0.0	0.0	0.0	0.0	0.0	
mean=0.0
p=0.14
0.0	0.0	0.0	0.0	0.0	0.0	0.0	0.0	0.0	0.0	0.0	0.0	0.0	0.0	0.0	0.0	0.0	0.0	0.0	0.0	0.0	0.0	0.0	0.0	0.0	0.0	0.0	0.0	0.0	0.0	0.0	0.0	0.0	0.0	0.0	0.0	0.0	0.0	0.0	0.0	0.0	0.0	0.0	0.0	0.0	0.0	0.0	0.0	0.0	0.0	0.0	0.0	0.0	0.0	0.0	0.0	0.0	0.0	0.0	0.0	0.0	0.0	0.0	0.0	
mean=0.0
p=0.15000000000000002
0.0	0.0	0.0	0.0	0.0	0.0	0.0	0.0	0.0	0.0	0.0	0.0	0.0	0.0	0.0	0.0	0.0	0.0	0.0	0.0	0.0	0.0	0.0	0.0	0.0	0.0	0.0	0.0	0.0	0.0	0.0	0.0	0.0	0.0	0.0	0.0	0.0	0.0	0.0	0.0	0.0	0.0	0.0	0.0	0.0	0.0	0.0	0.0	0.0	0.0	0.0	0.0	0.0	0.0	0.0	0.0	0.0	0.0	0.0	0.0	0.0	0.0	0.0	0.0	
mean=0.0
p=0.16000000000000003
0.0	0.82	0.0	0.0	0.0	0.0	0.0	0.0	0.0	0.0	0.0	0.0	0.0	0.0	0.0	0.0	0.0	0.0	0.0	0.92	0.0	0.0	0.0	0.0	0.0	0.0	0.0	0.0	0.0	0.0	0.66	0.0	0.0	0.0	0.88	0.0	0.0	0.86	0.0	0.0	0.0	0.0	0.0	0.0	0.0	0.0	0.0	0.84	0.0	0.0	0.0	0.0	0.0	0.0	0.0	0.0	0.0	0.0	0.0	0.0	0.0	0.0	0.0	0.92	
mean=0.09218749999999999
p=0.17000000000000004
0.0	0.0	0.0	0.78	0.58	0.0	0.82	0.0	0.0	0.86	0.0	0.0	0.0	0.82	0.0	0.76	0.0	0.0	0.94	0.0	0.0	0.7	0.0	0.0	0.0	0.0	0.0	0.0	0.82	0.8	0.0	0.0	0.96	0.0	0.0	0.0	0.0	0.86	0.0	0.76	0.86	0.78	0.8	0.0	0.0	0.0	0.0	0.96	0.8	0.96	0.82	0.72	0.8	0.92	0.96	0.9	0.94	0.88	0.0	0.0	0.0	0.0	0.0	0.74	
mean=0.3640625
p=0.18000000000000005
0.92	0.76	0.98	0.0	0.88	0.88	0.9	0.9	0.88	0.88	0.92	0.0	0.88	0.0	0.84	0.94	0.96	0.0	0.74	0.0	0.98	0.98	0.94	0.0	0.0	0.82	0.8	0.88	0.82	0.94	0.98	0.92	0.9	0.74	0.86	0.9	0.94	0.98	0.88	0.86	0.8	0.82	0.78	0.94	0.86	0.94	0.86	0.76	0.92	0.8	0.96	0.9	0.96	0.94	0.0	0.0	0.92	0.9	0.94	0.92	0.0	0.0	0.88	0.0	
mean=0.7215624999999999
p=0.19000000000000006
0.94	0.92	0.96	0.84	0.98	0.82	0.96	0.94	1.0	0.94	0.8	0.92	0.88	1.0	0.9	0.94	0.94	0.84	0.9	0.86	0.96	0.94	0.88	0.74	0.8	0.86	0.96	0.86	0.96	0.96	0.92	0.92	0.92	1.0	0.94	0.9	0.74	0.86	0.0	0.92	0.94	0.9	0.94	0.9	0.98	0.92	0.82	0.84	0.82	1.0	0.98	0.94	0.98	0.88	0.88	0.94	0.84	0.96	0.94	0.96	0.96	0.94	0.72	0.9	
mean=0.8937499999999999
p=0.20000000000000007
0.92	0.98	0.94	1.0	0.98	0.98	1.0	0.92	0.98	1.0	1.0	0.98	0.96	0.92	0.9	0.96	1.0	0.96	0.98	0.96	0.9	0.98	0.98	0.9	0.98	0.82	0.88	1.0	0.96	0.96	0.98	1.0	0.9	0.98	1.0	0.98	0.98	0.88	0.98	0.98	0.9	0.96	0.96	0.98	0.92	0.92	0.98	1.0	0.98	0.94	0.9	0.98	0.96	0.86	0.98	0.94	0.88	0.98	0.98	0.94	0.94	0.84	0.94	0.98	
mean=0.9528124999999994
