p=0.072
0.0	0.0	0.0	0.0	0.0	0.0	0.0	0.0	0.0	0.0	0.0	0.0	0.0	0.0	0.0	0.0	0.0	0.0	0.0	0.0	0.0	0.0	0.0	0.0	0.0	0.0	0.0	0.0	0.0	0.0	0.0	0.0	0.0	0.0	0.0	0.0	0.0	0.0	0.0	0.0	0.0	0.0	0.0	0.0	0.0	0.0	0.0	0.0	0.0	0.0	0.0	0.0	0.0	0.0	0.0	0.0	0.0	0.0	0.0	0.0	0.0	0.0	0.0	0.0	
mean=0.0
p=0.078
0.0	0.0	0.0	0.0	0.0	0.0	0.0	0.0	0.0	0.0	0.0	0.0	0.0	0.0	0.0	0.0	0.0	0.0	0.0	0.0	0.0	0.0	0.0	0.0	0.0	0.0	0.0	0.0	0.0	0.0	0.0	0.0	0.0	0.0	0.0	0.0	0.0	0.0	0.0	0.0	0.0	0.0	0.0	0.0	0.0	0.0	0.0	0.0	0.0	0.0	0.0	0.0	0.0	0.0	0.0	0.0	0.0	0.0	0.0	0.0	0.0	0.0	0.0	0.0	
mean=0.0
p=0.084
0.0	0.0	0.0	0.0	0.0	0.0	0.0	0.0	0.0	0.0	0.0	0.0	0.0	0.0	0.0	0.0	0.0	0.0	0.0	0.0	0.0	0.0	0.0	0.0	0.0	0.0	0.0	0.0	0.0	0.0	0.0	0.0	0.0	0.0	0.0	0.0	0.0	0.0	0.0	0.0	0.0	0.0	0.0	0.0	0.0	0.0	0.0	0.0	0.0	0.0	0.0	0.0	0.0	0.0	0.0	0.0	0.0	0.0	0.0	0.0	0.0	0.0	0.0	0.0	
mean=0.0
p=0.09000000000000001
0.0	0.0	0.52	0.0	0.0	0.0	0.0	0.0	0.0	0.0	0.0	0.0	0.0	0.0	0.0	0.0	0.0	0.0	0.0	0.0	0.0	0.0	0.0	0.0	0.0	0.0	0.0	0.0	0.0	0.0	0.0	0.0	0.0	0.0	0.0	0.0	0.0	0.72	0.0	0.66	0.0	0.0	0.0	0.0	0.0	0.0	0.0	0.0	0.0	0.0	0.0	0.0	0.0	0.0	0.0	0.0	0.0	0.0	0.0	0.0	0.0	0.0	0.0	0.0	
mean=0.0296875
p=0.09600000000000002
0.0	0.0	0.0	0.0	0.0	0.0	0.0	0.0	0.0	0.0	0.0	0.0	0.0	0.72	0.0	0.0	0.72	0.0	0.0	0.0	0.0	0.0	0.0	0.0	0.0	0.0	0.0	0.0	0.0	0.0	0.0	0.0	0.0	0.0	0.0	0.0	0.68	0.0	0.0	0.8	0.0	0.0	0.0	0.0	0.0	0.0	0.0	0.0	0.0	0.0	0.0	0.0	0.0	0.82	0.0	0.0	0.0	0.0	0.0	0.0	0.0	0.0	0.0	0.0	
mean=0.058437499999999996
p=0.10200000000000002
0.0	0.0	0.68	0.0	0.0	0.74	0.0	0.74	0.0	0.0	0.76	0.0	0.0	0.0	0.0	0.0	0.0	0.0	0.0	0.0	0.0	0.0	0.0	0.0	0.0	0.0	0.82	0.7	0.0	0.0	0.0	0.0	0.0	0.0	0.88	0.0	0.0	0.0	0.0	0.0	0.0	0.0	0.74	0.0	0.0	0.0	0.0	0.0	0.0	0.0	0.0	0.0	0.72	0.0	0.0	0.96	0.0	0.0	0.74	0.0	0.0	0.0	0.0	0.0	
mean=0.13249999999999998
p=0.10800000000000003
0.94	0.0	0.0	0.84	0.0	0.0	0.0	0.0	0.66	0.0	0.88	0.86	0.68	0.0	0.0	0.0	0.88	0.86	0.86	0.0	0.0	0.0	0.86	0.0	0.7	0.7	0.0	0.7	0.0	0.0	0.0	0.0	0.0	0.0	0.0	0.0	0.7	0.58	0.84	0.0	0.0	0.0	0.0	0.0	0.82	0.0	0.54	0.0	0.58	0.92	0.0	0.8	0.0	0.94	0.54	0.0	0.0	0.0	0.8	0.52	0.0	0.0	0.0	0.0	
mean=0.296875
p=0.11400000000000003
0.74	0.0	0.0	0.8	0.98	0.0	0.94	0.86	0.96	0.0	0.0	0.8	0.76	0.0	0.66	0.92	0.68	0.82	0.88	0.96	0.0	0.72	0.88	0.86	0.0	0.92	0.8	0.94	0.8	0.78	0.64	0.96	0.0	0.86	0.0	0.0	0.0	0.82	0.5	0.74	0.94	0.76	0.5	0.58	0.82	0.88	0.72	0.0	0.0	0.94	0.78	0.86	0.0	0.86	0.92	0.9	0.0	0.72	0.94	0.0	0.98	0.92	0.98	0.0	
mean=0.5934375
p=0.12000000000000002
0.0	0.86	0.0	0.72	0.88	0.84	0.78	0.9	0.82	0.8	0.0	0.72	0.0	0.88	0.92	0.66	0.88	0.82	0.94	0.82	0.46	0.58	0.96	0.62	0.0	0.8	0.9	0.0	0.72	0.0	0.94	0.8	0.86	0.88	0.0	0.0	0.86	0.96	0.82	0.86	0.84	0.82	0.76	0.74	0.92	0.68	0.86	0.82	0.74	0.84	0.9	0.78	0.0	0.8	0.94	0.94	0.88	0.54	0.76	0.82	0.0	0.86	0.5	0.86	
mean=0.6696874999999999
p=0.12600000000000003
0.94	0.92	0.92	0.9	0.96	0.76	0.9	0.84	0.94	0.9	0.88	0.94	0.4	0.86	0.88	0.92	0.86	0.6	0.0	0.66	0.94	0.88	0.88	0.9	0.88	0.92	0.94	0.92	0.88	0.96	0.8	0.92	0.8	0.86	0.98	0.8	0.88	0.92	0.9	0.76	0.82	0.98	0.92	0.9	0.98	0.9	0.9	0.74	0.84	0.9	0.78	0.8	0.88	0.8	0.92	0.86	0.72	0.84	0.94	0.88	0.96	0.88	0.88	0.84	
mean=0.8525000000000001
p=0.13200000000000003
0.96	0.76	0.96	0.82	0.9	0.94	0.92	0.88	0.96	0.98	0.9	0.92	0.72	0.92	0.8	0.92	0.86	0.86	0.84	0.92	0.72	0.96	0.9	0.94	0.96	0.9	0.96	0.98	0.96	0.88	0.78	0.74	0.94	0.96	0.84	0.0	0.94	0.96	0.94	0.96	0.98	0.94	0.92	0.98	0.9	0.98	0.9	0.9	0.82	0.76	0.92	0.94	0.96	0.94	0.94	0.94	0.98	0.96	0.88	0.68	0.98	0.88	1.0	0.9	
mean=0.8896874999999996
p=0.13800000000000004
0.94	0.9	0.96	0.88	0.96	0.96	0.94	0.92	0.92	0.98	0.98	0.9	0.86	0.92	0.96	0.92	0.92	0.94	0.9	0.98	0.98	0.92	0.92	1.0	0.92	0.94	0.88	0.9	0.98	0.92	0.94	0.96	0.84	0.98	0.98	1.0	0.94	0.96	0.88	0.96	0.9	0.86	0.94	0.9	0.94	0.84	0.94	0.9	0.88	0.98	0.8	0.94	0.88	0.94	0.98	1.0	0.96	0.92	0.9	0.96	0.94	0.98	0.92	0.86	
mean=0.9296874999999999
p=0.14400000000000004
1.0	0.94	0.84	0.96	0.94	0.88	0.96	0.96	0.92	0.96	0.96	0.98	1.0	0.96	0.94	0.92	0.9	0.98	0.84	0.96	0.94	0.92	0.9	0.92	1.0	0.98	0.98	0.96	0.98	0.98	0.9	0.94	0.96	0.94	0.96	0.96	0.92	1.0	0.96	0.9	0.96	0.92	0.96	0.96	0.88	0.9	0.98	0.98	0.94	0.94	0.96	0.88	0.96	0.96	0.96	0.96	0.94	0.94	0.98	0.92	0.96	0.92	0.98	0.98	
mean=0.945625
p=0.15000000000000005
0.96	0.98	0.98	0.94	0.9	0.98	1.0	0.98	1.0	0.96	0.96	1.0	0.96	0.94	0.98	0.98	0.94	0.96	0.98	0.94	0.94	0.96	1.0	0.88	0.92	1.0	0.96	0.98	0.98	0.94	1.0	0.96	0.98	1.0	1.0	0.94	0.94	0.88	0.96	0.98	0.92	0.94	0.98	0.92	0.98	0.94	0.98	0.98	1.0	0.94	0.96	0.98	0.98	1.0	0.98	0.98	1.0	0.98	0.98	1.0	0.98	0.86	0.94	0.98	
mean=0.9640624999999994
