0.1	0.0	0.0	0.0	0.0	0.0	0.0	0.0	0.0	0.0	0.0	0.0	0.0	0.0	0.0	0.0	0.0	0.0	0.0	0.0	0.0	0.0	0.0	0.0	0.0	0.0	0.0	0.0	0.0	0.0	0.0	0.0	0.0	0.0	0.0	0.0	0.0	0.0	0.0	0.0	0.0	0.0	0.0	0.0	0.0	0.0	0.0	0.0	0.0	0.0	0.0	0.0	0.0	0.0	0.0	0.0	0.0	0.0	0.0	0.0	0.0	0.0	0.0	0.0	0.0	
0.11000000000000001	0.0	0.0	0.0	0.0	0.0	0.0	0.0	0.0	0.0	0.0	0.0	0.0	0.0	0.0	0.0	0.0	0.0	0.0	0.0	0.0	0.0	0.0	0.0	0.0	0.0	0.0	0.0	0.0	0.0	0.0	0.0	0.0	0.0	0.0	0.0	0.0	0.0	0.0	0.0	0.0	0.0	0.0	0.0	0.0	0.0	0.0	0.0	0.0	0.0	0.0	0.0	0.0	0.0	0.0	0.0	0.0	0.0	0.0	0.0	0.0	0.0	0.0	0.0	0.0	
0.12000000000000002	0.0	0.0	0.0	0.0	0.0	0.0	0.0	0.0	0.0	0.0	0.0	0.0	0.0	0.0	0.0	0.0	0.0	0.0	0.0	0.0	0.0	0.0	0.0	0.0	0.0	0.0	0.0	0.0	0.0	0.0	0.0	0.0	0.0	0.0	0.0	0.0	0.0	0.0	0.0	0.0	0.0	0.0	0.0	0.0	0.0	0.0	0.0	0.0	0.0	0.0	0.0	0.0	0.0	0.0	0.0	0.0	0.0	0.0	0.0	0.0	0.0	0.0	0.0	0.0	
0.13000000000000003	0.0	0.0	0.0	0.0	0.0	0.0	0.0	0.0	0.0	0.0	0.0	0.0	0.0	0.0	0.0	0.0	0.0	0.0	0.0	0.0	0.0	0.0	0.0	0.0	0.0	0.0	0.0	0.0	0.0	0.0	0.0	0.0	0.0	0.0	0.0	0.0	0.0	0.0	0.0	0.0	0.0	0.0	0.0	0.0	0.0	0.0	0.0	0.0	0.0	0.0	0.0	0.0	0.0	0.0	0.0	0.0	0.0	0.0	0.0	0.0	0.0	0.0	0.0	0.0	
0.14000000000000004	0.0	0.0	0.0	0.0	0.0	0.0	0.0	0.0	0.0	0.0	0.0	0.0	0.0	0.0	0.0	0.0	0.0	0.0	0.0	0.0	0.0	0.0	0.0	0.0	0.0	0.0	0.0	0.0	0.0	0.0	0.0	0.0	0.0	0.0	0.0	0.0	0.0	0.0	0.0	0.0	0.0	0.0	0.0	0.0	0.0	0.0	0.0	0.0	0.0	0.0	0.0	0.0	0.0	0.0	0.0	0.0	0.0	0.0	0.0	0.0	0.0	0.0	0.0	0.0	
0.15000000000000005	0.0	0.0	0.0	0.0	0.0	0.0	0.0	0.0	0.0	0.0	0.0	0.0	0.0	0.0	0.0	0.0	0.0	0.0	0.0	0.0	0.0	0.0	0.0	0.0	0.0	0.0	0.0	0.0	0.0	0.0	0.0	0.0	0.0	0.0	0.0	0.0	0.0	0.0	0.0	0.0	0.0	0.0	0.0	0.0	0.0	0.0	0.0	0.0	0.0	0.0	0.0	0.0	0.0	0.0	0.0	0.0	0.0	0.0	0.0	0.0	0.0	0.0	0.0	0.0	
0.16000000000000006	0.0	0.0	0.0	0.0	0.0	0.0	0.0	0.0	0.0	0.0	0.0	0.0	0.0	0.0	0.0	0.0	0.0	0.0	0.0	0.0	0.0	0.0	0.0	0.0	0.0	0.0	0.0	0.0	0.0	0.0	0.0	0.0	0.0	0.0	0.0	0.0	0.0	0.0	0.0	0.0	0.0	0.0	0.0	0.0	0.0	0.0	0.0	0.0	0.0	0.0	0.0	0.0	0.0	0.0	0.72	0.76	0.82	0.84	0.86	0.88	0.86	0.9	0.9	0.96	
0.17000000000000007	0.0	0.0	0.0	0.0	0.0	0.0	0.0	0.0	0.0	0.0	0.0	0.0	0.0	0.0	0.0	0.0	0.0	0.0	0.0	0.0	0.0	0.0	0.0	0.0	0.0	0.0	0.0	0.0	0.0	0.0	0.0	0.0	0.0	0.0	0.0	0.0	0.0	0.0	0.7	0.0	0.78	0.8	0.0	0.8	0.0	0.82	0.84	0.0	0.0	0.86	0.86	0.86	0.86	0.88	0.88	0.88	0.82	0.92	0.92	0.94	0.88	0.92	0.94	0.98	
0.18000000000000008	0.0	0.0	0.0	0.72	0.78	0.0	0.0	0.78	0.8	0.82	0.82	0.84	0.74	0.0	0.84	0.64	0.0	0.86	0.9	0.92	0.92	0.92	0.96	0.96	0.0	0.0	1.0	0.84	0.86	0.0	0.9	0.0	0.9	0.94	0.76	0.0	0.0	0.0	0.94	0.94	0.94	1.0	0.0	0.76	0.0	0.0	0.9	0.9	0.92	0.9	0.62	0.94	0.84	0.86	0.78	0.94	0.9	0.86	0.9	0.94	0.88	0.94	0.96	0.96	
0.19000000000000009	0.0	0.82	0.88	0.9	0.9	0.92	0.0	0.9	0.94	0.94	0.94	0.94	0.96	0.96	0.96	0.96	1.0	0.98	0.78	0.76	0.94	0.9	0.8	0.92	0.96	0.92	0.92	0.98	0.96	0.96	0.82	0.9	0.96	0.94	0.98	1.0	0.96	0.6	0.92	0.96	0.96	0.98	0.94	0.84	0.96	0.88	0.92	0.96	0.0	0.88	0.92	0.94	0.98	0.98	0.98	0.94	0.88	0.96	0.92	0.9	0.96	0.98	1.0	0.96	
0.2000000000000001	0.86	0.88	0.92	0.92	0.92	0.92	0.96	0.96	0.96	0.96	0.98	0.98	0.98	0.98	0.98	1.0	0.82	0.9	0.9	0.92	1.0	0.88	0.96	0.88	0.94	0.94	0.94	0.9	0.94	1.0	0.96	0.96	1.0	0.94	0.96	0.98	0.88	0.94	0.9	0.98	0.96	0.96	1.0	0.98	0.98	0.96	0.98	1.0	0.96	0.88	0.98	0.94	0.9	0.92	0.94	0.94	0.94	0.96	0.94	0.94	1.0	0.96	0.96	0.98	
