0.04	0.0	0.0	0.0	0.0	0.0	0.0	0.0	0.0	0.0	0.0	0.0	0.0	0.0	0.0	0.0	0.0	0.0	0.0	0.0	0.0	0.0	0.0	0.0	0.0	0.0	0.0	0.0	0.0	0.0	0.0	0.0	0.0	0.0	0.0	0.0	0.0	0.0	0.0	0.0	0.0	0.0	0.0	0.0	0.0	0.0	0.0	0.0	0.0	0.0	0.0	0.0	0.0	0.0	0.0	0.0	0.0	0.0	0.0	0.0	0.0	0.0	0.0	0.0	0.0	
0.044000000000000004	0.0	0.0	0.0	0.0	0.0	0.0	0.0	0.0	0.0	0.0	0.0	0.0	0.0	0.0	0.0	0.0	0.0	0.0	0.0	0.0	0.0	0.0	0.0	0.0	0.0	0.0	0.0	0.0	0.0	0.0	0.0	0.0	0.0	0.0	0.0	0.0	0.0	0.0	0.0	0.0	0.0	0.0	0.0	0.0	0.0	0.0	0.0	0.0	0.0	0.0	0.0	0.0	0.0	0.0	0.0	0.0	0.0	0.0	0.0	0.0	0.0	0.0	0.0	0.0	
0.04800000000000001	0.0	0.0	0.0	0.0	0.0	0.0	0.0	0.0	0.0	0.0	0.0	0.0	0.0	0.0	0.0	0.0	0.0	0.0	0.0	0.0	0.0	0.0	0.0	0.0	0.0	0.0	0.0	0.0	0.0	0.0	0.0	0.0	0.0	0.0	0.0	0.0	0.0	0.0	0.0	0.0	0.0	0.0	0.0	0.0	0.0	0.0	0.0	0.0	0.0	0.0	0.0	0.0	0.0	0.0	0.0	0.0	0.0	0.0	0.0	0.0	0.0	0.0	0.0	0.0	
0.05200000000000001	0.0	0.0	0.0	0.0	0.0	0.0	0.0	0.0	0.0	0.0	0.0	0.0	0.0	0.0	0.0	0.0	0.0	0.0	0.0	0.0	0.0	0.0	0.0	0.0	0.0	0.0	0.0	0.0	0.0	0.0	0.0	0.0	0.0	0.0	0.0	0.0	0.0	0.0	0.0	0.0	0.0	0.0	0.0	0.0	0.0	0.0	0.0	0.0	0.0	0.0	0.0	0.0	0.0	0.0	0.0	0.0	0.0	0.0	0.0	0.0	0.0	0.0	0.0	0.0	
0.056000000000000015	0.0	0.0	0.0	0.0	0.0	0.0	0.0	0.0	0.0	0.0	0.0	0.0	0.0	0.0	0.0	0.0	0.0	0.0	0.0	0.0	0.0	0.0	0.0	0.0	0.0	0.0	0.0	0.0	0.0	0.0	0.0	0.0	0.0	0.0	0.0	0.0	0.0	0.0	0.0	0.0	0.0	0.0	0.0	0.0	0.0	0.0	0.0	0.0	0.0	0.0	0.0	0.0	0.0	0.0	0.0	0.0	0.0	0.0	0.0	0.0	0.0	0.0	0.0	0.54	
0.06000000000000002	0.0	0.0	0.0	0.0	0.0	0.0	0.0	0.0	0.0	0.0	0.0	0.0	0.0	0.0	0.0	0.0	0.0	0.0	0.0	0.0	0.0	0.0	0.0	0.0	0.0	0.0	0.0	0.0	0.0	0.0	0.0	0.0	0.0	0.0	0.0	0.0	0.0	0.0	0.0	0.0	0.0	0.0	0.0	0.0	0.0	0.0	0.0	0.0	0.0	0.0	0.0	0.0	0.0	0.0	0.0	0.0	0.0	0.0	0.28	0.36	0.4	0.42	0.46	0.52	
0.06400000000000003	0.0	0.0	0.0	0.0	0.0	0.0	0.0	0.0	0.0	0.0	0.0	0.0	0.0	0.0	0.0	0.0	0.0	0.0	0.0	0.0	0.0	0.0	0.0	0.0	0.0	0.0	0.0	0.0	0.0	0.0	0.0	0.0	0.0	0.0	0.0	0.0	0.0	0.0	0.0	0.0	0.0	0.0	0.0	0.0	0.0	0.0	0.0	0.0	0.0	0.0	0.0	0.0	0.3	0.42	0.46	0.44	0.46	0.48	0.56	0.58	0.56	0.6	0.74	0.8	
0.06800000000000003	0.0	0.0	0.0	0.0	0.0	0.0	0.0	0.0	0.0	0.0	0.0	0.0	0.0	0.0	0.0	0.0	0.0	0.0	0.0	0.0	0.0	0.0	0.0	0.0	0.0	0.0	0.0	0.0	0.0	0.0	0.0	0.0	0.0	0.0	0.0	0.0	0.0	0.0	0.0	0.0	0.0	0.0	0.0	0.0	0.0	0.26	0.38	0.0	0.0	0.46	0.52	0.56	0.58	0.56	0.58	0.6	0.6	0.52	0.66	0.64	0.68	0.66	0.7	0.74	
0.07200000000000004	0.0	0.0	0.0	0.0	0.0	0.0	0.0	0.0	0.0	0.0	0.0	0.0	0.0	0.0	0.12	0.4	0.44	0.0	0.46	0.0	0.5	0.0	0.0	0.38	0.0	0.0	0.48	0.56	0.58	0.0	0.46	0.0	0.0	0.0	0.48	0.36	0.56	0.0	0.64	0.68	0.68	0.0	0.0	0.0	0.0	0.44	0.72	0.0	0.72	0.42	0.7	0.68	0.72	0.52	0.64	0.72	0.68	0.66	0.72	0.8	0.8	0.86	0.82	0.8	
0.07600000000000004	0.0	0.0	0.0	0.0	0.0	0.0	0.0	0.0	0.0	0.0	0.0	0.0	0.52	0.58	0.38	0.62	0.62	0.62	0.7	0.76	0.0	0.76	0.76	0.76	0.8	0.8	0.8	0.0	0.64	0.58	0.0	0.0	0.76	0.84	0.0	0.54	0.0	0.44	0.0	0.82	0.0	0.64	0.84	0.0	0.42	0.0	0.7	0.0	0.62	0.84	0.62	0.88	0.6	0.82	0.64	0.7	0.82	0.8	0.7	0.78	0.82	0.82	0.8	0.86	
0.08000000000000004	0.4	0.0	0.44	0.52	0.0	0.6	0.66	0.66	0.7	0.7	0.72	0.58	0.76	0.78	0.58	0.72	0.76	0.68	0.84	0.86	0.86	0.86	0.88	0.86	0.52	0.0	0.78	0.82	0.8	0.7	0.0	0.78	0.64	0.94	0.54	0.96	0.78	0.0	0.62	0.56	0.74	0.78	0.38	0.92	0.8	0.7	0.86	0.86	0.74	0.78	0.78	0.76	0.78	0.58	0.68	0.72	0.88	0.84	0.76	0.8	0.92	0.86	0.88	0.86	
0.08400000000000005	0.0	0.0	0.0	0.34	0.34	0.42	0.6	0.56	0.66	0.68	0.72	0.68	0.74	0.74	0.74	0.68	0.76	0.72	0.82	0.84	0.86	0.0	0.84	0.76	0.88	0.78	0.78	0.86	0.82	0.78	0.52	0.62	0.7	0.72	0.94	0.88	0.88	0.58	0.8	0.8	0.84	0.46	0.88	0.88	0.76	0.88	0.62	0.88	0.94	0.82	0.76	0.68	0.76	0.64	0.74	0.7	0.78	0.76	0.82	0.86	0.94	0.82	0.86	0.96	
0.08800000000000005	0.46	0.64	0.74	0.74	0.8	0.82	0.0	0.82	0.84	0.84	0.86	0.6	0.8	0.88	0.68	0.92	0.68	0.92	0.92	0.82	0.94	0.94	0.92	0.74	0.88	0.6	0.78	0.82	0.7	0.78	0.82	0.82	0.92	0.74	0.8	0.88	0.94	0.84	0.86	0.7	0.84	0.4	0.5	0.76	0.86	0.8	0.92	0.66	0.76	0.76	0.82	0.94	0.76	0.88	0.92	0.94	0.88	0.92	0.92	0.86	0.94	0.98	0.86	0.9	
0.09200000000000005	0.68	0.82	0.82	0.84	0.84	0.84	0.84	0.9	0.9	0.9	0.68	0.94	0.72	0.82	0.94	0.94	0.96	0.96	0.94	0.9	0.86	0.78	0.8	0.86	0.9	0.88	0.76	0.58	0.86	0.84	0.96	0.92	0.72	0.88	0.9	0.78	0.72	0.54	0.9	0.72	0.86	0.96	0.84	0.9	0.88	0.62	1.0	0.8	0.96	0.86	0.84	0.78	0.92	0.84	0.78	0.96	0.8	0.8	0.94	0.82	0.92	0.8	0.94	1.0	
0.09600000000000006	0.68	0.8	0.82	0.84	0.88	0.88	0.9	0.88	0.9	0.9	0.92	0.92	0.62	0.94	0.94	0.96	0.96	0.68	0.76	0.88	0.9	0.82	0.72	0.92	0.9	1.0	0.88	0.82	0.9	0.88	0.88	0.92	0.76	0.8	0.84	0.92	0.8	0.84	0.92	0.92	0.8	0.86	0.86	0.88	0.8	0.84	0.92	0.98	0.84	0.9	0.7	0.98	0.9	0.9	0.88	0.86	0.9	0.84	0.9	0.94	0.9	0.92	0.96	0.96	
0.10000000000000006	0.82	0.82	0.86	0.88	0.9	0.88	0.92	0.92	0.92	0.94	0.94	0.92	0.94	0.92	0.94	0.96	0.82	0.92	0.88	0.86	0.82	0.86	0.92	0.92	0.9	0.92	0.9	0.86	0.88	0.98	0.98	0.98	0.92	1.0	0.98	0.88	0.98	0.92	0.92	0.94	0.92	0.96	0.98	0.98	0.92	0.86	0.94	0.86	0.86	0.98	0.96	0.96	0.94	0.94	0.92	0.98	0.94	0.88	0.9	0.9	0.86	0.96	0.9	0.94	
