p=0.2
0.0	0.0	0.0	0.0	0.0	0.0	0.0	0.0	0.0	0.0	0.0	0.0	0.0	0.0	0.0	0.0	0.0	0.0	0.0	0.0	0.0	0.0	0.0	0.0	0.0	0.0	0.0	0.0	0.0	0.0	0.0	0.0	
mean=0.0
p=0.22000000000000003
0.0	0.0	0.0	0.0	0.0	0.0	0.0	0.0	0.0	0.0	0.0	0.0	0.0	0.0	0.0	0.0	0.0	0.0	0.0	0.0	0.0	0.0	0.0	0.0	0.0	0.0	0.0	0.0	0.0	0.0	0.0	0.0	
mean=0.0
p=0.24000000000000005
0.0	0.0	0.0	0.0	0.0	0.0	0.0	0.0	0.0	0.0	0.0	0.0	0.0	0.0	0.0	0.0	0.0	0.0	0.0	0.0	0.0	0.0	0.0	0.0	0.0	0.0	0.0	0.0	0.0	0.0	0.0	0.0	
mean=0.0
p=0.26000000000000006
0.0	0.0	0.0	0.0	0.0	0.0	0.0	0.0	0.0	0.0	0.0	0.0	0.0	0.0	0.0	0.0	0.0	0.0	0.0	0.0	0.0	0.0	0.0	0.0	0.0	0.0	0.0	0.0	0.0	0.0	0.0	0.0	
mean=0.0
p=0.2800000000000001
0.0	0.0	0.0	0.95	0.91	0.0	0.0	0.0	0.0	0.0	0.0	0.0	0.99	0.0	0.0	0.97	0.0	0.0	0.0	0.0	0.0	0.88	0.0	0.0	0.96	0.0	0.0	0.0	0.0	0.0	0.0	0.0	
mean=0.17687499999999998
p=0.3000000000000001
0.99	0.95	0.98	0.93	1.0	0.96	0.96	0.98	0.99	0.96	1.0	0.97	0.97	1.0	0.97	0.99	0.99	0.95	1.0	0.99	0.98	0.0	0.99	0.99	0.93	0.99	0.99	0.94	0.97	1.0	0.98	0.0	
mean=0.9153124999999998
p=0.3200000000000001
0.99	1.0	1.0	0.98	1.0	1.0	1.0	1.0	1.0	1.0	1.0	0.99	0.99	1.0	0.98	0.99	0.99	0.99	1.0	1.0	1.0	1.0	1.0	0.99	0.99	0.97	0.98	0.98	1.0	0.99	0.98	1.0	
mean=0.9931249999999998
