p=0.1
0.0	0.0	0.0	0.0	0.0	0.0	0.0	0.0	0.0	0.0	0.0	0.0	0.0	0.0	0.0	0.0	0.0	0.0	0.0	0.0	0.0	0.0	0.0	0.0	0.0	0.0	0.0	0.0	0.0	0.0	0.0	0.0	
mean=0.0
p=0.11000000000000001
0.0	0.0	0.0	0.0	0.0	0.0	0.0	0.0	0.0	0.0	0.0	0.0	0.0	0.0	0.0	0.0	0.0	0.0	0.0	0.0	0.0	0.0	0.0	0.0	0.0	0.0	0.0	0.0	0.0	0.0	0.0	0.0	
mean=0.0
p=0.12000000000000002
0.0	0.0	0.0	0.0	0.0	0.0	0.0	0.0	0.0	0.0	0.0	0.0	0.0	0.0	0.0	0.0	0.0	0.0	0.0	0.0	0.0	0.0	0.0	0.0	0.0	0.0	0.0	0.0	0.0	0.0	0.0	0.0	
mean=0.0
p=0.13000000000000003
0.0	0.0	0.0	0.0	0.0	0.0	0.0	0.0	0.0	0.0	0.0	0.0	0.0	0.0	0.0	0.0	0.0	0.0	0.0	0.0	0.0	0.0	0.0	0.0	0.0	0.0	0.0	0.0	0.0	0.0	0.0	0.0	
mean=0.0
p=0.14000000000000004
0.0	0.0	0.0	0.0	0.0	0.0	0.0	0.0	0.0	0.0	0.0	0.0	0.0	0.0	0.0	0.0	0.0	0.0	0.0	0.0	0.0	0.0	0.0	0.0	0.0	0.0	0.0	0.0	0.0	0.0	0.0	0.0	
mean=0.0
p=0.15000000000000005
0.0	0.0	0.94	0.0	0.0	0.0	0.0	0.0	0.0	0.0	0.0	0.0	0.0	0.0	0.0	0.0	0.0	0.0	0.0	0.0	0.0	0.0	0.0	0.0	0.0	0.0	0.0	0.0	0.0	0.0	0.97	0.0	
mean=0.0596875
p=0.16000000000000006
0.0	0.0	0.0	0.87	0.0	0.0	0.93	0.93	0.0	0.9	0.87	0.96	0.95	0.0	0.82	0.0	0.0	0.0	0.9	0.0	0.87	0.92	0.0	0.0	0.0	0.0	0.95	0.92	0.0	0.0	0.0	0.98	
mean=0.3990625
p=0.17000000000000007
0.95	0.97	0.94	0.96	0.96	0.97	0.85	0.98	0.95	0.93	0.0	0.97	0.97	0.97	0.99	0.91	0.96	0.98	0.92	0.99	0.96	0.91	0.96	0.82	0.98	0.93	0.92	0.98	0.98	0.99	0.91	0.91	
mean=0.9178125000000001
p=0.18000000000000008
0.99	0.94	1.0	0.95	1.0	0.98	1.0	0.98	0.98	0.99	0.98	0.99	0.96	0.97	0.98	0.97	0.98	1.0	0.99	1.0	0.93	0.95	0.94	1.0	0.92	0.98	1.0	0.99	1.0	0.98	0.95	1.0	
mean=0.9771875000000001
