p=0.4
0.0	0.0	0.0	0.0	0.0	0.0	0.0	0.0	0.0	0.0	0.0	0.0	0.0	0.0	0.0	0.0	0.0	0.0	0.0	0.0	0.0	0.0	0.0	0.0	0.0	0.0	0.0	0.0	0.0	0.0	0.0	0.0	
mean=0.0
p=0.44000000000000006
0.0	0.0	0.0	0.0	0.0	0.0	0.0	0.0	0.0	0.0	0.0	0.0	0.0	0.0	0.0	0.0	0.0	0.0	0.0	0.0	0.0	0.0	0.0	0.0	0.0	0.0	0.0	0.0	0.0	0.0	0.0	0.0	
mean=0.0
p=0.4800000000000001
0.0	0.0	0.0	0.0	0.0	0.0	0.0	0.0	0.0	0.0	0.0	0.0	0.0	0.0	0.0	0.0	0.0	0.0	0.0	0.0	0.0	0.0	0.0	0.0	0.0	0.0	0.0	0.0	0.0	0.0	0.0	0.0	
mean=0.0
p=0.5200000000000001
0.96	1.0	0.99	0.93	1.0	0.98	0.98	0.98	0.97	0.0	1.0	0.99	0.0	0.99	0.99	0.0	1.0	0.95	0.97	0.0	1.0	0.0	1.0	0.99	0.97	0.99	1.0	0.0	0.97	0.0	1.0	0.93	
mean=0.7665624999999999
p=0.5600000000000002
1.0	1.0	1.0	1.0	1.0	1.0	1.0	1.0	1.0	1.0	1.0	0.99	1.0	1.0	1.0	1.0	1.0	0.99	0.99	1.0	0.98	0.99	1.0	1.0	1.0	1.0	1.0	1.0	1.0	0.99	1.0	1.0	
mean=0.9978124999999999
