p=0.05
0.0	0.0	0.0	0.0	0.0	0.0	0.0	0.0	0.0	0.0	0.0	0.0	0.0	0.0	0.0	0.0	0.0	0.0	0.0	0.0	0.0	0.0	0.0	0.0	0.0	0.0	0.0	0.0	0.0	0.0	0.0	0.0	
mean=0.0
p=0.05500000000000001
0.0	0.0	0.0	0.0	0.0	0.0	0.0	0.0	0.0	0.0	0.0	0.0	0.0	0.0	0.0	0.0	0.0	0.0	0.0	0.0	0.0	0.0	0.0	0.0	0.0	0.0	0.0	0.0	0.0	0.0	0.0	0.0	
mean=0.0
p=0.06000000000000001
0.0	0.0	0.0	0.0	0.0	0.0	0.0	0.0	0.0	0.0	0.0	0.0	0.0	0.0	0.0	0.0	0.0	0.0	0.0	0.0	0.0	0.0	0.0	0.0	0.0	0.0	0.0	0.0	0.0	0.0	0.0	0.0	
mean=0.0
p=0.06500000000000002
0.0	0.0	0.0	0.0	0.0	0.0	0.0	0.0	0.0	0.0	0.0	0.0	0.0	0.0	0.0	0.0	0.0	0.0	0.0	0.0	0.0	0.0	0.0	0.0	0.0	0.0	0.0	0.0	0.0	0.0	0.0	0.0	
mean=0.0
p=0.07000000000000002
0.0	0.0	0.0	0.0	0.0	0.0	0.0	0.0	0.0	0.0	0.0	0.0	0.0	0.0	0.0	0.0	0.0	0.0	0.0	0.0	0.0	0.0	0.0	0.0	0.0	0.0	0.0	0.0	0.0	0.0	0.0	0.0	
mean=0.0
p=0.07500000000000002
0.0	0.0	0.0	0.0	0.0	0.0	0.0	0.0	0.0	0.0	0.0	0.0	0.0	0.0	0.0	0.0	0.0	0.0	0.0	0.0	0.0	0.0	0.0	0.0	0.0	0.0	0.0	0.0	0.0	0.0	0.0	0.0	
mean=0.0
p=0.08000000000000003
0.0	0.0	0.0	0.0	0.86	0.0	0.0	0.0	0.0	0.0	0.0	0.88	0.0	0.0	0.0	0.0	0.0	0.0	0.0	0.0	0.0	0.0	0.0	0.0	0.91	0.0	0.0	0.0	0.86	0.0	0.0	0.0	
mean=0.1096875
p=0.08500000000000003
0.935	0.975	0.0	0.945	0.93	0.875	0.92	0.96	0.905	0.9	0.95	0.89	0.945	0.975	0.92	0.91	0.965	0.885	0.905	0.94	0.92	0.905	0.88	0.945	0.83	0.925	0.94	0.965	0.96	0.96	0.945	0.925	
mean=0.8978125000000002
p=0.09000000000000004
0.965	0.95	0.995	0.955	0.96	0.975	0.955	0.96	0.96	0.955	0.985	0.985	0.96	0.99	0.985	0.96	0.985	0.975	0.985	0.965	0.945	0.975	0.985	0.96	0.98	0.995	0.945	0.98	0.98	0.995	0.94	0.97	
mean=0.9704687500000001
