p=0.4
0.0	0.0	0.0	0.0	0.0	0.0	0.0	0.0	0.0	0.0	0.0	0.0	0.0	0.0	0.0	0.0	0.0	0.0	0.0	0.0	0.0	0.0	0.0	0.0	0.0	0.0	0.0	0.0	0.0	0.0	0.0	0.0	0.0	0.0	0.0	0.0	0.0	0.0	0.0	0.0	0.0	0.0	0.0	0.0	0.0	0.0	0.0	0.0	0.0	0.0	0.0	0.0	0.0	0.0	0.0	0.0	0.0	0.0	0.0	0.0	0.0	0.0	0.0	0.0	
mean=0.0
p=0.44000000000000006
0.0	0.0	0.0	0.0	0.0	0.0	0.0	0.0	0.0	0.0	0.0	0.0	0.0	0.0	0.0	0.0	0.0	0.0	0.0	0.0	0.0	0.0	0.0	0.0	0.0	0.0	0.0	0.0	0.0	0.0	0.0	0.0	0.0	0.0	0.0	0.0	0.0	0.0	0.0	0.0	0.0	0.0	0.0	0.0	0.0	0.0	0.0	0.0	0.0	0.0	0.0	0.0	0.0	0.0	0.0	0.0	0.0	0.0	0.0	0.0	0.0	0.0	0.0	0.0	
mean=0.0
p=0.4800000000000001
0.0	0.0	0.0	0.0	0.0	0.0	0.0	0.0	0.0	0.0	0.0	0.0	0.0	0.0	0.0	0.0	0.0	0.0	0.0	0.0	0.0	0.0	0.0	0.0	0.0	0.0	0.0	0.0	0.0	0.0	0.0	0.0	0.0	0.0	0.0	0.0	0.0	0.0	0.0	0.0	0.0	0.0	0.0	0.0	0.0	0.0	0.0	0.0	0.0	0.0	0.0	0.0	0.0	0.0	0.0	0.0	0.0	0.0	0.0	0.0	0.0	0.0	0.0	0.0	
mean=0.0
p=0.5200000000000001
0.0	0.0	0.0	0.0	0.0	0.0	0.0	0.0	0.0	0.0	0.0	0.0	0.0	0.0	0.0	0.0	0.0	0.0	0.0	0.0	0.0	0.0	0.0	0.0	0.0	0.0	0.0	0.0	0.0	0.98	0.0	1.0	0.88	0.0	0.0	0.0	0.0	0.0	0.0	0.0	0.0	0.0	0.0	0.0	0.0	0.96	0.0	0.0	0.0	0.0	0.0	0.0	0.0	0.0	0.0	0.96	0.0	0.0	0.0	0.0	0.0	0.0	0.0	0.0	
mean=0.07468749999999999
p=0.5600000000000002
0.94	1.0	1.0	1.0	0.96	1.0	1.0	0.98	0.98	0.98	0.96	0.98	0.96	1.0	0.98	1.0	0.0	0.0	0.0	0.98	0.94	1.0	0.92	1.0	0.94	1.0	0.0	0.92	0.98	1.0	0.94	0.96	1.0	1.0	1.0	0.98	1.0	1.0	0.98	0.98	1.0	0.96	0.94	0.0	0.98	0.0	0.98	0.98	0.9	0.98	1.0	1.0	0.96	0.98	0.92	0.96	0.92	0.94	1.0	1.0	0.94	1.0	1.0	0.94	
mean=0.8831249999999998
p=0.6000000000000002
1.0	0.98	1.0	1.0	0.98	1.0	1.0	1.0	1.0	1.0	1.0	1.0	1.0	0.98	1.0	1.0	1.0	0.98	0.98	0.98	1.0	1.0	0.98	0.98	1.0	0.92	1.0	1.0	1.0	1.0	1.0	1.0	1.0	1.0	1.0	1.0	1.0	1.0	1.0	0.98	1.0	1.0	1.0	1.0	1.0	0.98	0.98	1.0	1.0	1.0	1.0	1.0	1.0	1.0	0.98	0.98	1.0	1.0	1.0	1.0	1.0	1.0	0.98	1.0	
mean=0.9943749999999998
