0.1	0	0	0	0	0	0	0	0	0	0	0	0	0	0	0	0	0	0	0	0	0	0	0	0	0	0	0	0	0	0	0	0	0	0	0	0	0	0	0	0	0	0	0	0	0	0	0	0	0	0	0	0	0	0	0	0	0	0	0	0	0	0	0	0	0	0	0	0	0	0	0	0	0	0	0	0	0	0	0	0	0	0	0	0	0	0	0	0	0	0	0	0	0	0	0	0	0	0	0	0	0	0	0	0	0	0	0	0	0	0	0	0	0	0	0	0	0	0	0	0	0	0	0	0	0	0	0	0	
0.11000000000000001	0	0	0	0	0	0	0	0	0	0	0	0	0	3	0	0	0	0	0	0	0	0	0	0	0	0	0	0	0	0	0	0	0	0	0	0	0	0	0	0	0	0	0	0	0	0	0	0	0	0	0	0	0	0	0	0	0	0	0	0	0	0	0	0	0	0	0	0	0	0	0	0	0	0	0	0	0	0	0	0	0	0	0	0	0	0	0	0	0	0	0	0	0	0	0	0	0	0	0	0	0	0	0	0	0	0	0	0	0	0	0	0	0	0	0	0	0	0	0	0	0	0	0	0	0	7	0	0	
0.12000000000000002	0	0	0	0	0	0	0	0	0	0	0	0	0	0	0	0	0	0	0	0	0	0	0	0	0	0	0	0	0	0	0	0	0	0	0	0	0	0	0	0	0	0	0	0	0	0	0	0	0	0	0	0	0	0	0	0	0	0	0	0	0	0	0	0	0	0	0	0	0	0	0	0	3	0	0	0	0	0	0	0	0	0	0	0	0	0	0	0	0	0	0	0	0	0	0	0	0	0	0	0	0	0	0	0	0	0	0	0	0	0	0	0	0	0	0	0	0	0	0	0	0	0	0	0	0	0	12	14	
0.13000000000000003	0	0	0	0	0	0	0	0	0	0	0	0	0	0	0	0	0	0	0	0	0	0	0	0	0	0	0	0	0	0	0	0	0	0	0	0	0	0	0	0	0	0	0	0	0	0	0	0	0	0	0	0	0	0	0	0	0	0	0	0	0	0	0	0	0	0	0	0	0	0	0	0	0	0	0	0	0	7	0	0	0	0	0	0	0	0	0	0	0	0	0	0	0	0	0	0	0	0	0	0	0	0	0	0	0	0	0	0	0	0	0	0	0	0	0	0	0	0	0	0	0	0	0	8	10	12	10	12	
0.14000000000000004	0	0	0	0	0	0	0	0	0	0	0	0	0	0	0	0	0	0	0	0	0	0	0	0	0	0	0	0	0	0	0	0	0	0	0	0	0	0	0	0	0	0	0	0	0	0	0	0	0	0	0	0	0	8	0	0	0	0	0	0	0	0	0	0	0	0	0	0	0	0	0	0	0	0	0	0	0	0	0	0	0	0	0	0	0	0	0	0	0	0	0	0	0	0	0	0	0	0	0	0	7	0	0	0	0	0	0	0	0	0	0	0	0	0	0	0	0	8	8	0	11	12	11	14	11	15	15	19	
0.15000000000000005	0	0	0	0	0	0	0	0	0	0	0	0	0	0	0	7	0	0	4	0	0	0	0	0	0	0	0	0	0	0	0	0	0	0	0	0	0	0	0	0	0	0	0	0	0	7	0	8	8	0	10	0	0	0	0	12	0	0	3	0	3	0	0	0	0	0	0	0	0	0	0	0	7	0	10	0	0	0	0	0	0	0	0	0	11	0	0	0	0	12	0	4	7	0	0	0	0	4	0	0	0	0	0	0	0	0	0	0	0	0	10	0	0	12	12	14	15	14	15	13	14	15	16	15	15	17	18	17	
0.16000000000000006	0	0	0	0	0	0	0	0	0	0	0	0	0	0	6	0	0	0	0	7	0	0	0	0	0	0	0	0	0	0	0	0	0	0	9	0	5	0	0	0	0	9	11	0	0	13	0	0	0	0	12	12	0	0	0	0	0	0	0	12	0	13	0	3	5	0	0	0	14	0	0	0	0	0	0	13	0	0	0	11	15	0	0	10	0	15	11	0	0	0	0	0	12	15	0	0	0	0	14	0	0	0	10	0	0	16	0	11	3	0	0	0	15	0	14	15	14	15	17	12	15	15	16	14	14	14	19	19	
0.17000000000000007	0	0	0	0	0	0	0	0	0	0	0	0	0	0	0	0	0	0	0	0	0	0	0	0	0	0	0	0	0	0	0	7	0	0	0	12	3	0	0	10	13	0	0	12	9	0	0	14	0	0	0	14	0	0	0	0	0	12	11	0	0	0	0	0	0	0	0	15	0	0	3	0	0	0	0	0	0	13	0	0	0	13	0	0	15	0	13	13	0	0	15	14	14	0	11	13	0	0	16	0	12	14	0	7	0	15	15	16	0	16	0	0	17	14	18	15	16	19	16	19	19	15	20	19	19	19	19	19	
0.18000000000000008	0	0	0	3	0	8	0	0	0	11	9	0	13	0	14	0	14	15	3	15	0	15	9	9	0	13	11	0	0	12	0	0	9	15	0	0	16	9	17	10	12	18	10	16	0	0	18	17	0	15	0	0	17	17	0	0	15	0	15	18	0	0	0	14	9	0	0	9	9	0	4	5	9	0	0	15	0	13	19	0	0	0	0	12	16	19	8	7	0	0	0	13	0	13	16	0	20	9	0	15	18	12	16	15	11	0	13	19	17	0	15	17	14	9	10	10	19	16	10	14	16	15	18	15	20	20	17	18	
0.19000000000000009	0	8	8	9	0	9	12	14	13	0	9	14	15	0	11	0	13	0	0	12	16	16	16	15	0	0	0	7	16	0	0	10	16	4	10	16	12	0	17	17	14	15	0	0	18	16	12	0	0	15	17	16	17	19	17	16	8	16	15	14	17	0	12	0	15	14	10	12	20	19	0	16	14	14	18	0	0	13	16	0	0	17	16	0	15	14	15	0	0	17	0	19	16	8	18	19	18	14	0	0	0	11	0	14	15	18	3	15	0	13	0	15	20	15	12	18	17	17	16	14	15	15	16	19	18	18	20	19	
0.2000000000000001	0	0	0	9	14	16	17	15	7	13	0	15	15	8	17	16	19	17	0	16	0	15	16	16	19	15	19	14	16	19	11	16	18	18	16	16	18	17	19	17	16	18	19	17	19	15	16	17	15	20	0	18	15	18	18	13	13	17	15	16	0	15	14	17	19	0	19	19	20	17	18	14	20	17	19	15	20	9	18	15	19	19	18	20	20	12	17	18	14	0	15	16	0	16	0	17	20	14	20	18	17	14	10	16	0	18	18	18	0	13	18	0	18	20	18	16	15	17	18	19	18	20	19	19	20	19	19	20	
0.2100000000000001	0	0	0	11	13	15	15	15	15	16	17	16	15	14	19	13	12	17	13	18	18	15	17	18	15	19	0	18	18	13	0	16	18	16	15	18	17	13	18	20	18	15	17	14	18	15	18	0	13	12	14	16	13	20	17	16	15	7	19	19	0	18	14	16	18	11	19	18	20	14	13	12	17	16	0	13	10	17	17	14	4	13	16	16	16	14	20	15	19	18	14	10	19	14	18	19	13	17	19	19	14	9	18	14	19	11	0	15	18	11	18	19	17	13	17	15	15	18	17	19	16	19	19	19	18	18	20	20	
0.2200000000000001	0	12	12	17	15	15	18	17	18	14	18	15	19	16	19	18	15	19	16	19	19	18	19	14	16	14	19	20	20	18	18	19	17	16	17	17	16	17	15	10	17	17	12	17	20	18	18	18	14	19	11	15	16	19	17	16	16	18	18	15	14	17	17	20	17	17	17	15	19	14	19	20	19	14	0	19	19	17	18	19	17	15	16	17	16	20	14	20	17	15	19	19	19	18	16	18	15	18	19	17	17	14	20	18	15	15	16	17	19	19	13	20	16	16	14	14	13	15	19	17	18	20	17	18	19	20	18	19	
0.23000000000000012	0	0	11	16	15	15	17	17	18	17	19	19	19	17	16	15	20	19	18	19	17	20	19	19	18	18	20	19	19	20	18	20	18	15	18	19	17	18	20	14	20	19	15	18	19	17	20	19	20	20	17	19	19	16	17	19	16	18	19	19	11	16	19	15	17	20	18	17	11	20	14	19	14	20	20	19	18	15	19	18	18	20	19	9	17	17	16	16	19	11	15	19	19	20	17	16	18	20	19	17	18	18	19	18	12	18	18	19	19	17	18	19	20	15	19	18	17	19	20	18	19	19	19	17	19	20	19	20	
0.24000000000000013	16	17	17	18	17	18	18	18	18	19	18	19	19	20	20	18	20	17	17	19	18	17	18	18	20	17	20	18	17	19	16	20	19	19	15	20	17	17	18	19	16	19	19	20	18	16	20	19	15	20	20	19	19	19	20	20	10	6	18	19	11	20	18	20	20	15	20	20	16	16	18	16	18	20	18	18	19	18	20	19	17	18	20	20	19	19	20	19	20	18	19	11	18	20	20	19	18	16	19	20	19	19	18	14	17	20	19	15	13	15	19	17	20	17	15	12	18	20	19	15	19	18	18	20	19	20	19	19	
0.25000000000000017	16	18	17	20	19	19	20	20	19	19	20	20	20	15	20	20	16	20	17	18	17	19	20	17	18	19	19	18	18	17	20	18	16	20	16	20	17	17	19	20	17	20	16	16	19	20	18	20	19	15	17	20	20	19	20	0	19	19	20	19	15	20	16	19	19	20	20	19	17	19	19	18	19	18	16	18	19	17	20	18	18	19	19	12	18	17	19	18	20	20	19	20	18	18	18	18	20	20	17	19	20	20	19	19	18	16	20	19	18	18	19	18	19	19	20	20	19	19	18	17	19	20	18	19	20	19	20	20	
